0.0
0.0
0.0024752382378844043
0.0024752382378844043
0.00449948768568378
0.00449948768568378
0.0074485959524554805
0.0074485959524554805
0.010890640533636064
0.010890640533636064
0.016033874846413308
0.016033874846413308
0.019622623265709637
0.019622623265709637
0.022808659480172307
0.022808659480172307
0.024377692891254427
0.024377692891254427
0.027976869950199473
0.027976869950199473
0.027764406625863016
0.027764406625863016
0.031625188875082234
0.031625188875082234
0.034064119013288686
0.034064119013288686
0.03560491469855308
0.03560491469855308
0.03607542450984033
0.03607542450984033
0.039068601378429546
0.039068601378429546
0.03989926290929799
0.03989926290929799
0.044784687611447625
0.044784687611447625
0.050259300115298465
0.050259300115298465
0.05118571463478192
0.05118571463478192
0.05104643163965253
0.05104643163965253
0.05641053576636397
0.05641053576636397
0.06071480252626402
0.06071480252626402
0.06488796473619002
0.06488796473619002
0.07070495166452094
0.07070495166452094
0.07704453905519554
0.07704453905519554
0.08117403155920427
0.08117403155920427
0.08375653190577775
0.08375653190577775
0.08798748224951045
0.08798748224951045
0.09310065342619177
0.09310065342619177
0.09490501863475517
0.09490501863475517
0.0999995673765506
0.0999995673765506
0.10557053995515862
0.10557053995515862
0.11303881000467843
0.11303881000467843
0.11911388736786929
0.11911900298071974
0.12418215568649132
0.12418215568649132
0.13179939646578606
0.13204262983144713
0.13537028511384144
0.1352783191768051
0.1435518615507456
0.14368275699323102
0.14658661990156405
0.14642585899861563
0.15433939313641473
0.15433939313641473
0.157135183371965
0.157135183371965
0.1635847270907999
0.16350809873830952
0.16726315241614373
0.16726315241614373
0.17370205260004004
0.17370205260004004
0.1735542253811052
0.17358962611744053
0.17935222199872572
0.17935574888772748
0.187957290958198
0.18799834422514358
0.19028609729104393
0.19020995902395088
0.1948433282314067
0.1949281677367238
0.19781218840160927
0.1977635801667606
0.20236989031064592
0.20256916758808224
0.20961617985772701
0.21024550575121792
0.216491265847673
0.21751896747820088
0.21986205891711358
0.22105279317745594
0.22899855116522091
0.23246160219982892
0.23778086633493803
0.2372512432058981
0.24390481248606122
0.24622332081816437
0.2500589799799076
0.24855820620464192
0.2581379313156659
0.25879336521400353
0.2720455955311159
0.27297224190459257
0.2807354211348644
0.2804243875772171
0.2847095824337767
0.2848995944633383
0.2893018454168903
0.28837769731246604
0.29146321859504837
0.29175322446263946
0.3006783686413299
0.30130250289011967
0.31442932878952456
0.31477165409574503
0.3256810829988231
0.32605753638751056
0.3388577255673924
0.34077147962327575
0.34941415397651926
0.3496381698246287
0.3627059177222803
0.3640412004541339
0.3802090794505449
0.3804236957710214
0.3902258878547256
0.39076361417777644
0.4105047638784626
0.4110887597011347
0.4221067004892598
0.4228476894436417
0.42972448972989674
0.4303541766630659
0.44648803713186136
0.447845334334629
0.45557887496247207
0.45488166219613824
0.46570709881464584
0.4660496001104587
0.47911832349350153
0.4806150485911071
0.4932080737931464
0.49393133908287423
0.5013892223083136
0.5012518098255772
0.5090698102950674
0.51383220311594
0.5203003412690936
0.5208561959424481
0.5338916490919609
0.5359576188377771
0.5442765561475216
0.549628956796281
0.5633314130960244
0.5668410139024513
0.5717806699732765
0.5731771728870196
0.586777706541913
0.5871853888063594
0.5995754646301524
0.6025907601291147
0.6144961279176493
0.6159799573935655
0.6266416131069481
0.6275991257424366
0.6380260817382675
0.6391339084602925
0.6520492015025657
0.6554338772978198
0.6651468489043849
0.6649690368648573
0.6800390473619697
0.6822236948915459
0.6943220393710225
0.6956533744204833
0.7055234592460985
0.7068884803880557
0.7186001687531438
0.7240236167431502
0.734261667679694
0.740475400121885
0.7525375740200859
0.7538520350559139
0.7573171498452127
0.7607219104371297
0.7675220029535872
0.7678326801206168
0.7765675394975746
0.7820284304377699
0.7922988483760103
0.793564573007667
0.8044269397666991
0.8021853072859458
0.8128174847150818
0.8155995107079352
0.8330943142551408
0.8324334390859247
0.8469103554277593
0.848918192954359
0.8597966892651964
0.8649446098641623
0.8823220757949084
0.8826848608256056
0.8975054803911803
0.9012151704323108
0.9069674681865479
0.9092380411009203
0.9184711755904152
0.9209502653391
0.9264372401456357
0.9289226077425233
0.94890913282808
0.9478814755169526
0.9580619990659652
0.9606426078261979
0.9802875308798569
0.9809093112553455
0.986698317998189
0.9864629568604234
0.9908679096593163
0.9893942834125515
0.9924191115750639
0.9931537183904444
1.001228725384592
1.0003501931118417
1.019617183848131
1.02118839772057
1.0305606584542206
1.0312189222745267
1.042080066562813
1.0414585151326934
1.0488117459506245
1.050404739101391
1.0558640224859046
1.058592933925085
1.0750435545796553
1.074123482902891
1.0846137785470336
1.0837406790292903
1.090638634734273
1.0930859134649293
1.0983196448495542
1.096641396015564
1.1041574215086314
1.1045937288994851
1.1149971597462183
1.1182191720062444
1.1366683496054517
1.1394474384941797
1.1486412937271404
1.1499809084019077
1.163264448309127
1.1702670538165103
1.1792967399244119
1.1792715833876648
1.190083396473468
1.1884627892241653
1.2001033238649315
1.2001296097223793
1.2131909954872369
1.2170093206765586
1.2291472268800363
1.2319005555394051
1.2435341445425905
1.2459980906210084
1.2520569809275437
1.2585385621511842
1.2706362649949914
1.2729784752277844
1.2892747218574725
1.290647095552659
1.304875827542375
1.3069832723568708
1.3005366768837838
1.2998881945177294
1.3105812303121047
1.3133791908787957
1.3430882053645297
1.3433458057821095
1.3557799869962346
1.3598775499293647
1.3691401739759355
1.3708817344356097
1.3815066654760835
1.3841952283162806
1.4008109348636388
1.4041257544896462
1.4221949663743885
1.4211909231689823
1.4301065327685183
1.4320922175949913
1.4435457070125632
1.4478294089476365
1.4627248077779471
1.4676920021395372
1.4684066330547758
1.4722941121021
1.485196303540203
1.4873717439725076
1.4989693848674304
1.498478189768162
1.511383754142515
1.5150339839889226
1.5251091548345592
1.5255998890612859
1.5365116652188677
1.5395326920932124
1.5447430023775404
1.5456190916488386
1.5577094221117236
1.561827132891723
1.5721788596982285
1.5748320852798658
1.5921152115397317
1.5937900822173054
1.5965640099930372
1.600150091044603
1.6138023874007306
1.6136734951068203
1.6208766556373018
1.6279466323926866
1.631798705025052
1.6346388972544033
1.644263616148996
1.6454308523758423
1.6554012842323924
1.6555601433627705
1.6661678844832113
1.6680036285116506
1.6842024683491774
1.6864999507460048
1.7024821136106791
1.7050091231453226
1.7132324297223362
1.7190875173042206
1.737328989557704
1.7381857700409908
1.7528643550910856
1.7585383332303386
1.775315240532365
1.7811346478036558
1.786209019975789
1.7914122697978647
1.8036944110164723
1.8070997226704828
1.829152612536864
1.8306797924355576
1.8441415638061023
1.8484614400033963
1.8595880340213429
1.8643429222040968
1.8788584835782973
1.8822254779959584
1.8879911041524533
1.8901493634073376
1.9038433453158097
1.9014172569626304
1.9069123573025957
1.9084488751393809
1.9194334844766072
1.926594386976203
1.9410412185486157
1.94483010773612
1.9519447083774637
1.9524713060816283
1.9677923837914426
1.967138587314123
1.9721044957476601
1.9764202196228606
1.9915208061528311
1.996621227617472
2.0079611031654383
2.0074133692935257
2.012763924744858
2.01693813840587
2.022812898827561
2.022733144901048
2.0326298363251
2.0361247349778506
2.0434879207559318
2.0440404724653654
2.0593768759657385
2.061299587089533
2.074507541524481
2.0778991134088285
2.092106747265539
2.0910259763417964
2.103439693790814
2.1091594012238803
2.1244545221462263
2.1248486354570253
2.1412767321905033
2.143598530779888
2.162000832945067
2.160984893847792
2.1726010128852624
2.1740515482397855
2.1820159097436824
2.183992164624511
2.190139857354626
2.1877442731664836
2.2014733886319786
2.2017927624119937
2.219467020683618
2.22198216130793
2.2364795261998975
2.2414762708282296
2.2520802556577353
2.2545220242091815
2.260539228334793
2.263693107512337
2.2659137131583025
2.2695734512675125
2.2786263800994724
2.2786804062816963
2.295817365273175
2.2972116117571506
2.3073278925986327
2.308385765051969
2.320641125882044
2.327953679327627
2.3430771325117705
2.34411421464424
2.351770690604487
2.3548907389227622
2.367947322129257
2.3691589170715104
2.377172746225894
2.378621308862754
2.3865168273933284
2.3874099333382914
2.402409003552605
2.4057961921008886
2.412794911002972
2.4201114508608033
2.426052106888396
2.4297163234891563
2.4425567330173314
2.4490269929968997
2.461212701288682
2.464101319851209
2.4751288077054543
2.4792821646165897
2.493488081508851
2.498016690518113
2.502714118112959
2.5042280545825055
2.516338755681968
2.5225774061260564
2.534343603943372
2.536204373014673
2.543099184491668
2.549033140884233
2.5600951265215572
2.567001544223526
2.578000669995169
2.5818048313759405
2.590981275844954
2.6013925136794764
2.6150250638345063
2.623968867519482
2.6333908914272715
2.642861242240762
2.6566396453882373
2.660779034149947
2.677908581380626
2.6820895479430824
2.6953071525799657
2.6954666066080333
2.706313391665602
2.711298310351108
2.719691644902374
2.7249552123409924
2.7331955155366656
2.7407707679791935
2.7474151523831702
2.757579374831569
2.766771836665653
2.7686551126041263
2.780178569974417
2.7834530730865077
2.8002389791516573
2.800266655227351
2.801715514329736
2.802969684691199
2.8125261672000166
2.8195527814125065
2.8335162740890825
2.836856793598649
2.8528538461261665
2.8539826836861937
2.8651397220750416
2.8671778012261044
2.8701296167267785
2.8743769416416
2.881306060047397
2.884589191273915
2.900000003984261
2.9046903744370676
2.9101837452737955
2.91685392049261
2.9222886529318335
2.9230139064374248
2.9299594262259006
2.9350666153421394
2.9479729118232543
2.9477217139887872
2.95777551620498
2.9644072176173917
2.96655383453667
2.9715498246861665
2.9757807327409735
2.9800327950152736
2.988064066042197
2.987559197010717
2.9945957986826635
2.9969403758169313
3.006769591980207
3.010329787537692
3.0153131232406296
3.018997653868494
3.0301100081734513
3.038881347050244
3.038567022201079
3.0430653382498676
3.0528639168189247
3.0595393529297126
3.068350879352535
3.0729724157462526
3.0829268039765165
3.087696045262736
3.0988489698356894
3.0986132364129646
3.1143250558893443
3.1202697640685186
3.1326122641806378
3.1367105108812225
3.1452823783403057
3.1448308001252596
3.1479844127481345
3.1511435536512247
3.1649844705970964
3.1710513222616243
3.1776803916457945
3.1826279962569686
3.190356581788033
3.193902647462668
3.211156640658571
3.2154740521544167
3.224138960346902
3.227204656001036
3.227100034907262
3.2312586997396138
3.242474172855376
3.242928433973982
3.251862601262188
3.254001530489405
3.2737187902302303
3.2816165026314357
3.2892072250657667
3.288535572456582
3.29723301908314
3.3082168009595754
3.3189956625016395
3.319918036472279
3.3264702903932117
3.33231206787144
3.3423531210691366
3.3451642440019733
3.3606453094614945
3.3608639428646376
3.3722451426575435
3.376891366190093
3.382135384535743
3.3861915616565836
3.3959903074541646
3.3989491332393724
3.401866527293883
3.407805036628311
3.415921012144801
3.418109364564768
3.424830773455952
3.4264748022477134
3.4355227254938576
3.440425369850271
3.454706059057824
3.453548668043445
3.45409178635427
3.453853652884916
3.4665688865621416
3.468877258423637
3.474339548435965
3.4757944052506353
3.482876166071675
3.4842956281055857
3.493368303267566
3.497044452282227
3.4985458220290147
3.503050963350613
3.5178341071886816
3.5244004038360597
3.5297927178101514
3.5301228549348767
3.533251375383158
3.534755654060546
3.542207711621465
3.547931371731607
3.553614322347211
3.558281336736787
3.5661698740938235
3.5729533220190532
3.575228622290285
3.5753704132944883
3.5847442325913548
3.5870690811325514
3.592790164701188
3.5984698586087482
3.6046550731943157
3.610211267542237
3.6181632277419875
3.6258373482790662
3.629080332637758
3.6323245679258678
3.637943375865763
3.643695711475299
3.646245576207357
3.6514344985728133
3.6576818888307607
3.6660434012645653
3.6749504189869735
3.6856372142028917
3.7012472359875073
3.7084970397103785
3.7123649657848863
3.7164691103503364
3.7329620418392517
3.739726634368392
3.746660635366437
3.749711837540449
3.755131674567734
3.7587673093393486
3.777650108797045
3.784433779021462
3.7982463264422637
3.801589629754756
3.8148212763593707
3.8207295010799127
3.836358871190099
3.8434957458785997
3.853910238403614
3.8584102777146327
3.8606189514938847
3.8612074068077344
3.8783555287866514
3.8817410531025365
3.887165872551323
3.8912065789799484
3.8977384143782317
3.9002019368089718
3.9050956490796427
3.903980647286886
3.913564220277985
3.9245977099978266
3.9370321647090054
3.944727088697981
3.9576191914746017
3.96509907392703
3.9759953356065374
3.981571155763162
3.9925026581947165
3.9960282714344415
4.007140329248295
4.012781088994594
4.0251654255759854
4.032081922857886
4.044982177855314
4.043788510825046
4.060856720679661
4.064440822682009
4.074528201696366
4.0840975119743606
4.099066228581572
4.104529025721279
4.118877362703532
4.12546329169848
4.130524739070211
4.134093896673318
4.146738215183079
4.148934234790891
4.161975295404645
4.168142619817156
4.172099804207979
4.176076856662543
4.180403021922189
4.186092086145338
4.1941341200328806
4.199019988394308
4.212185383299046
4.216280701963804
4.228432820186513
4.231623563427539
4.24341514830127
4.25109311542478
4.259544288841395
4.2632289390717375
4.276752414627751
4.279781550444032
4.289058858825618
4.299353637285751
4.3142598399297905
4.320523560119735
4.3348580546908515
4.3371249369360205
4.348805670974105
4.352825705255513
4.365181652241808
4.37147496345447
4.382449222075644
4.387285856638878
4.391260631064326
4.399001235515298
4.410790174123738
4.413619905502596
4.418680377822656
4.425536083842545
4.432450416057549
4.440955996717302
4.446966799849184
4.458097035303286
4.464461891068299
4.471971408577139
4.481290321035161
4.486068669817131
4.495652496013359
4.505883514664017
4.515214099277793
4.518312406561086
4.523391441474454
4.523443095226285
4.5351877952902555
4.544788133842486
4.5471151832150385
4.551047995604314
4.556366645410411
4.567352033724151
4.571085887443566
4.5767231041624745
4.589422224361279
4.5983861325091855
4.607833069161036
4.611283470957313
4.622404160677851
4.63465404862248
4.638546064773522
4.646676290702771
4.654847904097053
4.661710545319193
4.664593453087719
4.6710559622722325
4.682360621619346
4.691490268422982
4.703393633572649
4.707196646372551
4.710710003789388
4.724233771159545
4.736616677121685
4.748535955618934
4.764498564547165
4.770429621696201
4.773995782280641
4.78120377860138
4.78832894320219
4.797203438483675
4.803358196553419
4.810623670676832
4.816556114562568
4.828044437053037
4.835556505890898
4.835158391147231
4.846092420207061
4.846773977633597
4.85422515970852
4.853941503561485
4.860229530583545
4.868055913974797
4.875625390721766
4.88913927389744
4.89570908891709
4.899773838552635
4.904445318191926
4.906830623311997
4.913942499840441
4.926786760150163
4.92776125767856
4.925315535245716
4.9328092197914515
4.941629925244377
4.937120126822041
4.944055249942151
4.939442235983923
4.941784177329086
4.952109049902235
4.962022035579493
4.971340421760235
4.974702350857324
4.979715553942888
4.983617692784718
4.983119706274669
4.98551304680244
4.995124049470336
5.0009944164634295
5.0010790862739265
5.007872590688985
5.010805345283781
5.017344030303216
5.0228778535325835
5.028930889799115
5.031466082090987
5.037325426825596
5.049884323531573
5.058512458788712
5.065220446153347
5.0752200615263225
5.077676257501407
5.085132044602381
5.090356488992474
5.102689851668468
5.11628632746821
5.120187890369766
5.132586302353184
5.139351373020802
5.146446290216376
5.15274496980242
5.161360605331089
5.168131533240336
5.178651534211008
5.187976328698042
5.194647160268848
5.199381737087592
5.206074003152994
5.2131604034155075
5.219960598970018
5.226613243223455
5.229255952066463
5.231940884324132
5.239909717071019
5.25185043144686
5.255009891709592
5.261716726065347
5.260185733875624
5.263440444621316
5.26474790645153
5.272366942068881
5.277431145321443
5.288580760144768
5.287441553862717
5.290454972660332
5.296158422707371
5.302465889850704
5.308465161547875
5.3213667626457894
5.3321123004317545
5.3377435052894135
5.335604642904177
5.338110858289172
5.34915788422057
5.35352471936074
5.360147266628609
5.366144950834048
5.376707711900514
5.381669419115681
5.386046564927173
5.393000148234828
5.398475896214864
5.409087132937568
5.418189537595397
5.420574903387008
5.422708525204489
5.425675168048412
5.4276314413967635
5.432792099700107
5.432709057796949
5.4344003184354275
5.436525236574493
5.437417702982237
5.442480001845116
5.442794758393843
5.451208380013427
5.461609545773009
5.4647902686698195
5.467186780768681
5.474544340023126
5.484036633775654
5.493934329085298
5.497190322009888
5.50772783385014
5.513081109431738
5.5196733099307815
5.52710114688354
5.53546919469885
5.542854065227561
5.547017919922559
5.5564747093512645
5.5644115519447395
5.571053828141337
5.580480684021909
5.585075045682179
5.594983732969841
5.599499438651317
5.607185139661179
5.613371963739685
5.622024929710777
5.626581973570179
5.638371931768497
5.644381030686157
5.654703473076865
5.658313545613863
5.666821742161093
5.670406215500509
5.684590966737915
5.690889344251839
5.697492312274379
5.708173083278234
5.708760891475876
5.720184196580017
5.725209755812865
5.721680369334799
5.727121176838533
5.735792954589863
5.74223764128245
5.7391810491835
5.7479298978987385
5.756430037853377
5.76840823552741
5.772035341862063
5.786863673319117
5.790945406685167
5.795228423423254
5.79449324829909
5.804565346699353
5.808280531491686
5.82136921063075
5.830239131321857
5.8420212442432256
5.8456691069876205
5.8507466047917065
5.855607101513683
5.8593413762417095
5.871609219727281
5.882987599849251
5.886254116723923
5.899955245208682
5.9065783935640255
5.916258416401315
5.922696466995713
5.937373791711501
5.946872277724346
5.957286419232205
5.968351107000513
5.978207217494569
5.984341417243031
5.994157799747316
6.004053353894491
6.0031701045106525
6.0153411573155
6.024766768165398
6.031259150216485
6.04269586628622
6.045996651626067
6.058722190475225
6.068171894801153
6.078206634391229
6.083958611216836
6.091198763117877
6.111098340124047
6.119535485036777
6.12296152711637
6.1300104025453725
6.141098751958961
6.157456533995435
6.161978783745229
6.1821095530135555
