0.0
0.0
0.0021756762116563865
0.0021756762116563865
0.004180539479367656
0.004180539479367656
0.006449698749690369
0.006449698749690369
0.008713487652259417
0.008713487652259417
0.011279142630238532
0.011279142630238532
0.013387356181701653
0.013387356181701653
0.015935273025849718
0.015935273025849718
0.0180236160011346
0.0180236160011346
0.01995480025237698
0.01995480025237698
0.02285902346417617
0.02285902346417617
0.02615613922006324
0.02615613922006324
0.027087002971362618
0.027087002971362618
0.02913066263581213
0.02913066263581213
0.032498605686869256
0.032498605686869256
0.033538369749014044
0.033538369749014044
0.036475852078131754
0.036475852078131754
0.04032833486021466
0.04032833486021466
0.04182996437752067
0.04182996437752067
0.0458115335803768
0.0458115335803768
0.046929376136674895
0.046929376136674895
0.050725333124658545
0.050725333124658545
0.05271434424177218
0.05271434424177218
0.056101410161243634
0.056101410161243634
0.06207719280177976
0.06207719280177976
0.06386467602393933
0.06386467602393933
0.0666589818855128
0.0666589818855128
0.0695772480313791
0.0695772480313791
0.07160904904622568
0.07160904904622568
0.0735332662597402
0.0735332662597402
0.076536378169899
0.076536378169899
0.08149107445697855
0.08149107445697855
0.08467369332693615
0.08467369332693615
0.0876192770826911
0.0876192770826911
0.09220844124529906
0.09220844124529906
0.09562059730319068
0.09562363545016407
0.0980350426537162
0.0980350426537162
0.10177869744356004
0.10179409673341534
0.10689972997418871
0.10689972997418871
0.10989376887571069
0.10990739239409503
0.1112885384782674
0.11135675890798609
0.1182695291514184
0.11839620769192422
0.12161967131228255
0.12158049807799926
0.12458180088665674
0.12458387722089997
0.13096115448321882
0.13106706044540184
0.134866063347952
0.135106633387962
0.1397985221011805
0.1397933682048237
0.14639571880277316
0.14634947764711323
0.15146672040920392
0.1515527796573924
0.15459375786885393
0.1547796940893936
0.15985790942060035
0.1597713276570406
0.16443617778071773
0.16434442008433378
0.17040409376045604
0.17095321821251197
0.1748085573555018
0.1752416998513686
0.18435388463238447
0.18436461213252042
0.1894504104736778
0.19003145743470115
0.1963588648730752
0.1958762937161802
0.19957787262310744
0.2003493936886444
0.20458890556442566
0.2060763827869383
0.21101931927684436
0.211635717797605
0.2131299277228449
0.21335228298293454
0.21822777550326858
0.21972663239416942
0.22330803196676538
0.2241738911094178
0.2269616554666755
0.2290959448669038
0.2323443223617825
0.23269450474962816
0.2351198468576642
0.23575660495808143
0.24234627820812765
0.24260627205046095
0.2471161583894286
0.24937280427567957
0.2528881467001781
0.25369055412458313
0.25645244207590423
0.2566519111104409
0.26319332288080294
0.2649308152002344
0.27549474538656743
0.2757718779365371
0.2844087289537275
0.28575084373747484
0.2917235985601996
0.2942287760363525
0.3009849315283789
0.30107603579878844
0.30937953886853486
0.31111489520481206
0.31866904958851017
0.32224400895524313
0.32675128318912683
0.3293982392453301
0.33488226160488177
0.3386311255406579
0.34623422828523465
0.34748058305578805
0.3532172823645475
0.3542509984243704
0.3628142087611573
0.3626559265421962
0.3668803636817185
0.37058295931226387
0.3765106305381203
0.3797140316875853
0.3880268081874273
0.38996835138791197
0.39508259652918215
0.3978678863498372
0.40922165033946206
0.41226624278881163
0.4205756154710538
0.4193848602731371
0.43004205261776923
0.43499724144070007
0.43957065410860585
0.4453565325548401
0.45662938059183217
0.4584351417988096
0.4695822172431865
0.4725097156605053
0.4858030781766132
0.4909457726802917
0.5032310082306862
0.5083761962750213
0.5194484453828676
0.5244524949806999
0.5314032528283017
0.5358666596759732
0.5461447269867177
0.5502994213426722
0.563578343169513
0.5723256112132941
0.581467480126071
0.5875069147092815
0.6083206561553096
0.6133044421301236
0.6181028568351468
0.6212116099729093
0.6313099784361053
0.636852097974953
0.653548752719843
0.655824019888704
0.6726591655948465
0.6766112478619487
0.6901857904312081
0.6959585610569221
0.7113528683607142
0.7166891123756399
0.7403753564200025
0.7475715746363294
0.7675929957958302
0.7751698341586407
0.7941608481082875
0.7992869217481415
0.8146266343904071
0.820823476109042
0.8354296483593255
0.8450859217261306
0.8662167535309904
0.8755060940060346
0.8933073413253045
0.8972052849858528
0.9215158076251893
0.9277470196784041
0.9444131323840185
0.9518742974471777
0.9685908436867391
0.9739118507096136
0.9923200778653368
1.0050781007928171
1.0212949234646629
1.028056395861861
1.0519626377735767
1.0593914840880607
1.0891436500537506
1.0967776018605329
1.1163925864076665
1.121495479476933
1.1394619015856622
1.1463263975237095
1.1685953602869024
1.1732964223154712
1.183047027458025
1.1856275100657192
1.2032188481281216
1.2079092194828147
1.229469295157342
1.235284925879337
1.2577960170192826
1.2576971196936
1.2792694108301919
1.281832307497755
1.3033077250520617
1.3107754265170122
1.3307242847507559
1.3362182264305682
1.3569830591290695
1.364800934768558
1.383685701444149
1.394752531218598
1.4202591983970903
1.425153708113473
1.4553394099068828
1.4636873270968498
1.4945743352587675
1.5012148376758296
1.5229703927067073
1.5275795211328753
1.5453118011636588
1.5495261352368195
1.572884352872376
1.5762403059152839
1.5989932658291326
1.605239587670064
1.6361435007263487
1.6426211027472297
1.6682739260007067
1.6699033669972887
1.699762371504865
1.7089956581614714
1.7369773867258558
1.744947711756268
1.7717077742490501
1.7782953453208779
1.8038375979579668
1.8085400815254238
1.8381372285925919
1.8435207809162988
1.8672813916546624
1.8740103409040918
1.8894638078917496
1.894743163652327
1.9171419827376002
1.9196341585451906
1.9368712329861055
1.9434342507797258
1.9657226433394313
1.977214186890715
1.9967149254497278
2.0056929307414593
2.0261284986309405
2.034665086804317
2.050160123396977
2.0584650631819374
2.074999000334329
2.0791130027484095
2.0940812774893023
2.1005285903561495
2.1188789034974413
2.1249732517596986
2.1401116038751766
2.14560036646687
2.1619073763042356
2.167704685598608
2.1871168468302913
2.193682442627023
2.209974275233166
2.214990933955556
2.231032694346458
2.2373011468704225
2.2555929124603376
2.26115616875643
2.280886845332941
2.2866899791617916
2.3012460550150933
2.308223176070265
2.3313250681961835
2.3375606030689466
2.359012622720775
2.362587927788227
2.3786419470589237
2.3839318207541638
2.4049930198079785
2.4102594398688337
2.4306460824979954
2.4408234124284705
2.460857959249799
2.4712550206827895
2.4926910279750736
2.5022073929532787
2.5251919554362456
2.5339986938512684
2.556510161329407
2.565149822884807
2.5824302511945247
2.592645154839027
2.6061570557471154
2.610890757349051
2.6374766778490564
2.648304058360176
2.6673561614208063
2.676987169790942
2.6992103070080398
2.7034487754652803
2.7269877225838095
2.737707167800641
2.760089007789166
2.7667496733474923
2.7883837683436172
2.796838527332775
2.8205980297753106
2.829845394829953
2.856990913664624
2.864872175786551
2.8929487095029605
2.8995961229233185
2.929110257827668
2.937197210651931
2.9509436097234145
2.9531527750444604
2.9809635194223554
2.9877834671625454
3.0070782889514196
3.015602435766407
3.0300495107339174
3.03706187635351
3.0640000012533886
3.0760672706895766
3.0999898417593426
3.1097132535462144
3.1286876193358735
3.1402195295206856
3.164945953340913
3.17418366078096
3.201152205969734
3.210423074378131
3.240292736416085
3.2498937260971865
3.280360298116792
3.2942365324006
3.317444416235378
3.3279106881636737
3.352741182489417
3.362488695768855
3.387457306449528
3.3937026939345896
3.413267103626997
3.4192186435699217
3.44592689706113
3.4537213159968596
3.4720430453563074
3.47928172887572
3.5022457379808882
3.5062287879959606
3.5262970182558204
3.53378591868327
3.554277525912779
3.563138619158015
3.5870876324661682
3.5981597931515235
3.6136049978420113
3.621891142176981
3.6374630345889387
3.639862910284212
3.6581399476408603
3.663093550984319
3.6784324093300915
3.686398647079318
3.7064253864894114
3.7181988212142896
3.730580269720614
3.74012153598372
3.760048134913239
3.767820888437294
3.7893546560858926
3.8033983454651286
3.813712483567107
3.8281087936206033
3.843647563298466
3.8526728593729116
3.873299092647175
3.893212815447191
3.9082607058616796
3.9205791129412684
3.940379764606011
3.954585849796395
3.9745895438638534
3.987761790076237
4.009288323609194
4.019391451927683
4.039519120902808
4.050120990618352
4.072146999315123
4.0825956104864005
4.105566487031328
4.118771957576824
4.138334718434898
4.147806698922566
4.168420182120833
4.181410978613961
4.2006882518984705
4.203959317873731
4.212605347343024
4.222813757875765
4.240213185216508
4.254138794207087
4.26877470711401
4.279493014468882
4.301170878697958
4.3112261020880025
4.326831415492079
4.3376350222125355
4.34759572299752
4.358504486320745
4.375296862787383
4.3870215346096355
4.407067215562663
4.41368344134328
4.428468689050025
4.435605531254793
4.45475953480075
4.470054466517821
4.489738291783632
4.499654948603859
4.511373774940594
4.525595871152394
4.546112569616839
4.558440015604926
4.581168200027046
4.5964812156573185
4.618472184198419
4.628107982767009
4.642066534143927
4.650273504251344
4.664061585058989
4.67186409684102
4.688170928386433
4.698493106322686
4.709917582833186
4.7155966382467485
4.729519545463591
4.741854906146539
4.762423763164958
4.770224287541264
4.789932506564949
4.80478420955193
4.816559444073899
4.826458172673154
4.841703000428697
4.851924932817651
4.870096413086078
4.878128914987556
4.8928539307958365
4.907125675572427
4.92777657031676
4.943606411997453
4.956604853213145
4.965794600646408
4.978706305352447
4.992468632773051
5.005607266948817
5.018408214161589
5.032090296452165
5.0405237197115
5.056496108396762
5.06604835717778
5.084214807209933
5.093981075395741
5.107729528149833
5.115122468943008
5.128252195349733
5.137148660668299
5.153476853125404
5.163228533403399
5.182050677729074
5.193664430802803
5.209577764242323
5.220098779530762
5.2322250632240115
5.244203243396414
5.258425227812295
5.267545632141678
5.286100465676549
5.295091529432792
5.316094469663555
5.329063627357577
5.346283441398271
5.360855729679266
5.3767035022955225
5.394375789305592
5.41043899883817
5.423366060494001
5.440756095455715
5.4522027908535025
5.466641950730956
5.48105177109382
5.492764829007148
5.503615832820204
5.518498965684325
5.5284090667277646
5.5458598167543425
5.5559542622418565
5.562902121036879
5.571428604898963
5.586663216281157
5.592335385467694
5.605968931850215
5.6093651597004754
5.624740269869159
5.6382717592062965
5.652292933176331
5.658324344006211
5.662033712081191
5.670998290869584
5.688138514338999
5.694795707554146
5.706012172003497
5.711868766977793
5.724417685519613
5.731469770287057
5.742385725280853
5.745802868801348
5.757073246383421
5.7694286051196215
5.782620554560431
5.794793260572157
5.810191244680612
5.823969125222359
5.837917608744793
5.849879732376486
5.863114485390654
5.872624876336962
5.880658944248551
5.891138124925814
5.902652961881033
5.912271801671732
5.9299980424854
5.936032685676523
5.95328684948233
5.962390018978151
5.977950035935159
5.992476570921354
6.007229709267754
6.020382497612929
6.032281298483359
6.037225961552631
6.05447934943062
6.068802768226995
6.074940944165344
6.085370736142197
6.103739445685669
6.116233844848704
6.137919732754644
6.152111722443032
6.166502149291237
6.175807407357799
6.187000185837895
6.197008527870831
6.209896236515925
6.216644907722263
6.233291919873136
6.247397979149889
6.257493670789588
6.269474095527266
6.286895385740678
6.297824327810831
6.311120739500417
6.320087269111426
6.340292930220212
6.348860731948076
6.372063724722354
6.380001281888957
6.389070768106798
6.3998363018448226
6.4155593207593276
6.424286931751953
6.4386902283827165
6.448531698696192
6.467257918812729
6.482791584071715
6.499220713272247
6.505823382058081
6.520044214803685
6.53291365364596
6.544210388638898
6.55180640378051
6.566960290931891
6.58023857829366
6.593235994194297
6.599716564142977
6.6127468530233555
6.622315807223493
6.638025894281326
6.651825620476999
6.661325282849029
6.671122525510069
6.685210359402613
6.699150953325738
6.710547961753985
6.718838753925319
6.7292342516403565
6.744007261094732
6.761603575693841
6.779825006489001
6.790993862874189
6.801957865266386
6.812072413650071
6.81870483962878
6.832188004602686
6.8436357503653795
6.861223431666544
6.870419474561427
6.885510577841987
6.89575940794834
6.912364981396652
6.926803868897645
6.943809134344513
6.954768006606043
6.971568425021483
6.98209020348184
7.001644285798005
7.017008349928454
7.032482996577478
7.038548598044974
7.056821836981408
7.072690951496799
7.08677931816051
7.09515970627656
7.11123502815091
7.119818174589397
7.129436429918903
7.140354840210589
7.156697136938696
7.170008920028509
7.179811715216848
7.188561865590994
7.197427319693876
7.206830551081187
7.224621377219432
7.23446345090018
7.246768839219841
7.255522163676567
7.2668853540036515
7.279164794124973
7.29793933472634
7.31030363656635
7.327616998835473
7.340970210810779
7.3602560078932395
7.371989771524831
7.3826579392406835
7.3949723095688515
7.402853053367109
7.412163355838348
7.424398123785983
7.435221449640852
7.4541264750295575
7.462446864695881
7.4735860371419855
7.4752253839712335
7.48340720240027
7.490529520524114
7.506639461633548
7.518789399663505
7.526917401708942
7.536613477269792
7.5439836047756605
7.557981254265813
7.565518246902681
7.576138208035231
7.593713925450686
7.599312168392813
7.613686402975673
7.625376451213036
7.636770279882233
7.647533251584229
7.658399426909022
7.672928759852413
7.690186770850194
7.696871910933719
7.705475123518918
7.716168640525641
7.733313081590687
7.7473171548069315
7.760551507424483
7.775952698301273
7.795260331863644
7.807135922716266
7.817632448571009
7.82096796468917
7.833773328464295
7.84428856810813
7.860174266779764
7.872323124495538
7.879263050874192
7.893579645270086
7.902387322354673
7.909585739901806
7.925982872610023
7.938715222067835
7.95410644128843
7.960507242161135
7.972351861334853
7.984435415422537
8.001329799462225
8.019053363667062
8.030935514434159
8.044078331317944
8.060649703562854
8.072391030628708
8.084612008245534
8.096953830635279
8.104979500909229
8.115392629393094
8.129626860568807
8.144724922441142
8.150978911011027
8.170016699400291
8.174992778257602
8.185623532178093
8.201312148538072
8.213825727266965
8.220236254915013
8.231771028899566
8.246124037523048
8.258595316359168
8.274027915914534
8.2859134472614
8.299823337547844
8.314482487328384
8.3278055221128
8.339986884886109
8.353686716612632
8.364187513374226
8.377328388048051
8.386704701770602
8.39966260904644
8.410131551542841
8.424097622353887
8.436309422993336
8.453108960822295
8.46485930712503
8.476352540565157
8.490338616166415
8.50749521809752
8.519938739265594
8.528389716409126
8.53829009485997
8.554152533209788
8.570179821627942
8.579811308750333
8.591076892950595
8.60509654413218
8.619663103226273
8.633137006263285
8.644481038312854
8.655075950997666
8.662253774146475
8.677884691622719
8.68899055476787
8.697980038215501
8.707532295776858
8.72231931151945
8.73304691041946
8.742695900849872
8.758877673112405
8.773283059368262
8.786061421568105
8.79740813753874
8.810499342325077
8.823492981370146
8.844426886499988
8.855976476092554
8.87246309922074
8.884853707743527
8.901166748317216
8.910593429459281
8.92709925612753
8.941137701932018
8.952102728604807
8.963742857499328
8.977204242907298
8.988808775612544
8.994774895766419
9.00612688199068
9.018098065065638
9.031902041716132
9.045510321518284
9.057672947624166
9.071248544967519
9.080546726789702
9.091728655250733
9.099864021570784
9.109157843525109
9.122651160648513
9.134480935208021
9.142469638919719
9.153026326481317
9.166075527277357
9.171206107557074
9.181824870385759
9.198579038780329
9.212199358514908
9.227550644822156
9.234061510232587
9.250151194115707
9.26190607775851
9.27524228913696
9.282470735304377
9.290604992312392
9.303147769832497
9.313082108126025
9.324532842951749
9.338849165980388
9.355932554947156
9.37148022072462
9.38961832600241
9.404989499052713
9.419399171928907
9.42893301806751
9.440004015462485
9.458559431321286
9.471660324070102
9.48477588371228
9.502021749770261
9.523810459194411
9.53531947807202
9.546307134284811
9.555686974876707
9.567179314346053
9.577656140857046
9.595935262385712
9.608100172085287
9.619299165990213
9.626256119692155
9.638058894790504
9.650865665185483
9.668026816298394
9.674917096582883
9.69094564910022
9.704838394836937
9.719974836999398
9.734554512867053
9.752351792033933
9.765813136464926
9.784678853754734
9.795180714879033
9.805876079744493
9.816726231205354
9.834226153032319
9.84600387197158
9.85747841486254
9.869246558478515
9.878471734093104
9.88993174654153
9.90205202766758
9.905889033076187
9.91717869271189
9.929907100082284
9.929072604678844
9.940942995653872
9.947240408183555
9.960405475066514
9.973677485779683
9.98137784809969
10.000748956361619
10.014759364900012
10.025578244456767
10.034873866506594
10.049093574546916
10.059315352858011
10.071919100327293
10.08223262755238
10.097901970283539
10.104654615812448
10.117737445218006
10.134230633574791
10.145964479928077
10.153689150191996
10.16606971367613
10.1776721701601
10.191358003924593
10.209379804688531
10.225444801216726
10.235937925665045
10.243978888331457
10.25126356200567
10.267045492215292
10.278029770445388
10.293420847593996
10.302166157317876
10.319408148230371
10.328769122636626
10.337853461950244
10.350428125715116
10.366088065669592
10.374153565199853
10.385172086825605
10.396961168425213
10.406811807200977
10.423450668834777
10.443534122090048
10.445984094371418
10.456499384044996
10.468748916357491
10.478906250995747
10.489098046246388
10.499646725784569
10.509142167358561
10.517484044421808
10.523953709991122
10.535303859866406
10.539978808011254
10.551458937543517
10.555393377595946
10.560362524316615
10.57330130248817
10.584938507305091
10.592527577108799
10.605589856111123
10.612497214065437
10.619903227808964
10.630206585419403
10.639591134413193
10.653416273676015
10.665150049368263
10.672764177114779
10.678549043968822
10.689626219952437
10.697820728653166
10.70643878842105
10.715533590629674
10.720000588283652
10.732650838057554
10.73827378601839
10.744197378534889
10.750224740416535
10.756166528448816
10.761974797180386
10.766273428199185
10.773964494980557
10.77902218872057
10.787172035438227
10.79639328555305
10.80231052744692
10.80651379311754
10.81217172642614
