0.0
0.0
0.0022867995459795853
0.0022867995459795853
0.004300161708666659
0.004300161708666659
0.006845134091561841
0.006845134091561841
0.00912862289512591
0.00912862289512591
0.012896230384246104
0.012896230384246104
0.013803931845385935
0.013803931845385935
0.015111018375464936
0.015111018375464936
0.019010748393967877
0.019010748393967877
0.02282490225513067
0.02282490225513067
0.026730573727546992
0.026730573727546992
0.029660408661474458
0.029660408661474458
0.028680787804756844
0.028680787804756844
0.027660822066091793
0.027660822066091793
0.029721961748348295
0.029721961748348295
0.030697846536448872
0.030697846536448872
0.03276993417346529
0.03276993417346529
0.03697769807850766
0.03697769807850766
0.03805720957962415
0.03805720957962415
0.03935291557704759
0.03935291557704759
0.04578675477448426
0.04578675477448426
0.050273704324342174
0.050273704324342174
0.050368978828642004
0.050368978828642004
0.05287937560914368
0.0528785825877321
0.05656649580724654
0.056567809436146366
0.058324063972673396
0.058324063972673396
0.06597911778101988
0.06597975782198251
0.07266762002720237
0.07266789271481144
0.07514412603653575
0.07514412603653575
0.08050068846438414
0.08050068846438414
0.08282573174948839
0.08282573174948839
0.08691309959829051
0.08691267486162722
0.09047086060362608
0.09046640427564032
0.09713611773722297
0.09718624872813067
0.09902056480987859
0.09898814591716558
0.10239974506018681
0.10244807882049387
0.10055715693928981
0.10076658594727764
0.10805511428116481
0.10817558079609453
0.11356178916473829
0.11364721588154414
0.12371991422379108
0.12380150425381599
0.12976039553549756
0.13015959407631775
0.13694185128646122
0.13681048533971513
0.14705172682028203
0.1468295432470832
0.15522346984970156
0.15515616720318745
0.16063061441315973
0.16082070116106784
0.16635224426580056
0.16604983886339655
0.17244480413822016
0.1725000527570047
0.17511096449767208
0.17523439925497733
0.17407692761785973
0.1742680193779707
0.18314042346436515
0.18340562689366546
0.1928604058464156
0.1933913226507679
0.19567008736621985
0.19611430080807646
0.20001506596236296
0.20163491369936254
0.20693838010274265
0.20699375042097448
0.20782151734405752
0.20859747108803023
0.21133495289036067
0.21256957888840808
0.2176416376890687
0.22050769999991957
0.22581524245759688
0.22655304632546483
0.23185221440330978
0.2329249306038677
0.2389855497398772
0.23865310448936017
0.24460098368259392
0.2469848872607362
0.25593559813601513
0.25868387741803045
0.2653766340923574
0.26732169856371796
0.27300646930861366
0.27441018334077083
0.27499297020104485
0.27524200042393815
0.2821326649484732
0.2822081345135661
0.2915618826914888
0.291736862480803
0.2920989860443146
0.29171133996742776
0.29144970300157186
0.2942485554179568
0.2903270982650664
0.2929523695867085
0.30575157905502715
0.30682049456063676
0.3154079217534983
0.3163590072791726
0.32171080957476134
0.3248066250127615
0.3357847408731536
0.3370596541862463
0.3432727787794155
0.3429623471989684
0.3497259131885198
0.35171977481203287
0.35913871389688495
0.36056359311525027
0.3752898944542789
0.37751796532419774
0.3940121884467536
0.39531930103999313
0.4059171195410415
0.4033023182244975
0.41420474367661997
0.41894865322173336
0.42384944767706856
0.427102968549691
0.4387185387671691
0.44100844308410236
0.4561113318939375
0.45404793925247994
0.46333620910026946
0.4646306122776958
0.4734825792880082
0.4735534147390561
0.48299991354433297
0.4855395747324466
0.5039808245305356
0.5054958613019461
0.5079981333452771
0.5077720048763892
0.5159003468929814
0.5151099152467873
0.5273118902232445
0.5301691715841018
0.5323121481038103
0.5321301232138567
0.5404576191838636
0.5393918930868852
0.5607971780856381
0.5642382525633749
0.571852366176387
0.5744231441499044
0.5912532440203341
0.592795149993584
0.5999830939353528
0.6027609559624394
0.6142170524234689
0.6190861860289542
0.6318306780448377
0.6352066471686956
0.6543104247361222
0.6550864675498331
0.6663797615495699
0.665190956472795
0.6834861862167431
0.6869382912096178
0.6950141256779024
0.6965799434473773
0.6953118594856756
0.6962354460554099
0.7017635657240168
0.7069135013880674
0.7290182581137726
0.7333232514715468
0.7403616981248252
0.7415339050505122
0.754693174443476
0.7562550565628504
0.7625425977829093
0.7668101656049205
0.7820285927478298
0.7848039800411953
0.7912756840438091
0.7904953758518901
0.8081165194372778
0.8124699957035852
0.8285630913318497
0.8310597164901223
0.847486335216049
0.8457453918604112
0.8511584017394941
0.8511457026650797
0.8597615367289433
0.8638993235853991
0.8703929851556663
0.8738620660725512
0.8898306656909809
0.8901710140190189
0.9139022040260163
0.9138780574513358
0.9171024180005396
0.917124522925339
0.9261060314660016
0.9258885210440695
0.9421648580633744
0.9418682090882143
0.9435571469233562
0.945626846313723
0.9587254559685793
0.9602481811448801
0.9780696232948742
0.9810734645147915
0.9931144849301203
0.9969335349410542
1.0122624081781395
1.0119508738274983
1.027594752983952
1.0320319631712103
1.044709275821624
1.048104844739971
1.05566495305924
1.0568971947715011
1.0604739295518173
1.0569130313323902
1.0751714398304066
1.0765404758613226
1.0816786033145234
1.083939459923688
1.1044771268514497
1.1062067795274322
1.1291291775856447
1.1344856516135464
1.147020868977106
1.1499016971053861
1.1644666341929888
1.1680618071661195
1.1832870173809125
1.1845653630652055
1.2086348266663491
1.2067945650605518
1.224193313606026
1.2247045365142246
1.228750267154993
1.23090978468917
1.2494203384823828
1.2490480083092448
1.2622758719118723
1.2605505642128405
1.277028977056353
1.279407267404082
1.2962157223863915
1.2990377835810674
1.3009847800070191
1.3025443122806062
1.3204300299990288
1.3209746363190475
1.3242285606419133
1.325753796745127
1.3436455934699318
1.3451297227121695
1.3534407281994274
1.3540271077757313
1.375334128940152
1.3749876214402088
1.3805222965839574
1.383829966087197
1.3935211228193307
1.400773909542222
1.4190409300411033
1.4197558364311524
1.4295510337112827
1.430479795029398
1.4287330592340743
1.4314131786659072
1.4446539980463058
1.4485067433417738
1.4599621284707789
1.462001113353717
1.4741347831007083
1.4754304208556486
1.4866080019604804
1.4924233342914628
1.5050838420125126
1.5056789819920702
1.5182219307642757
1.5214736992330558
1.5381119050430367
1.5352232159666586
1.538075271091945
1.539651196122317
1.5657464275684836
1.5642913250853567
1.5745936145340167
1.572202552703872
1.5806022422958077
1.5791162249911082
1.5984643043811337
1.6018505784685992
1.6102360353024106
1.6146842990885757
1.6201498051427237
1.6206211571682259
1.6248862841969656
1.6241556539513275
1.6379142904565362
1.6413099236473494
1.6526313387184277
1.6534059642075647
1.6666731289893295
1.6633901337590087
1.6804376212090244
1.6770102189695348
1.6893074152632834
1.6893811812336128
1.7049229670786883
1.7063621829574669
1.7166828685541244
1.7157108992694092
1.7274336793708513
1.7330849223748248
1.7485687632079305
1.752281268978969
1.765387094205265
1.765093864864505
1.7702321118215893
1.7697843088821963
1.7869763667031564
1.7884419541219836
1.8035250062569823
1.8032708041604082
1.815630557281836
1.8167086882383967
1.8305133733812338
1.8325922487009803
1.8382976278708796
1.840198001377326
1.8518034793044922
1.8495846839856132
1.8704445782766457
1.8739723992994843
1.8785522518079705
1.8796229211157525
1.8860873814120247
1.8908751205487642
1.9107475217239793
1.9189389292286727
1.9267722871754274
1.9252294711759494
1.9345894526051248
1.93736413128231
1.9458390686549452
1.94701180931144
1.9646964606258368
1.9672602580670833
1.9719263264402078
1.9714279929891163
1.9844995622660306
1.9859748507142783
1.9983692595005116
1.996022352448124
2.007689461324963
2.0094784793161913
2.0173454435280367
2.0182175287405326
2.031735717640616
2.032405514502482
2.041766823112594
2.04705629522532
2.0557092577715093
2.05918127912456
2.0780472246727246
2.0772967891232774
2.096306387248156
2.098507826909034
2.1090328713527837
2.1082920099365094
2.1281626602277224
2.1325049402832987
2.1353472671847213
2.1382887249765
2.149251940678849
2.149738987795343
2.1672472582595668
2.169950837311343
2.185034148164355
2.186841821444497
2.1965164908749575
2.201105108781211
2.2188100593121276
2.2283087714520082
2.2432108172960197
2.2462040668898187
2.243834071507307
2.2463084031966996
2.2629457573248737
2.2700674783476615
2.286400630476956
2.292987675434873
2.2991170657137836
2.301782143541838
2.3074621344974475
2.3132134965905724
2.330938169149494
2.337038416169969
2.3457878810923405
2.352673703766357
2.3616759243892624
2.366241928638893
2.385371130492335
2.3891929482366603
2.3922345460885723
2.3973355000836913
2.383427835428974
2.3891151587032318
2.398680808672607
2.4015687132272094
2.413355656387879
2.4166985769391904
2.426161727249904
2.432443646455642
2.437988440956842
2.4395291592104815
2.450955023410511
2.4493357794503323
2.458653612383537
2.4563229352434255
2.47133845645863
2.474544338808693
2.484666958098146
2.4862492119343855
2.498645687105762
2.501759070432355
2.514839832309295
2.5152216950712223
2.5280808431830577
2.5345244571105643
2.5505512339934886
2.5520932709244835
2.555479822450958
2.5649467468407607
2.578666869632068
2.5772098955683167
2.5923625751703088
2.5955285841306672
2.600370297599184
2.6118556619255178
2.6305550310594987
2.6349933619492605
2.6409244251292416
2.6474173994987398
2.6572301869863826
2.6588510369259377
2.6634404257042443
2.6680283547417964
2.6921844553915126
2.6969416889170335
2.707866417888494
2.714892879502226
2.7264735348642666
2.729698351425291
2.7393213643466834
2.7431635896382267
2.749467356978849
2.7512909748289673
2.757311446210939
2.759409431747672
2.7683780075892095
2.7738045212662223
2.7800328118899116
2.780127027497609
2.782591102308574
2.7884401292438206
2.8015693319530324
2.805241752978576
2.811736102445937
2.810924373170937
2.8250398431104857
2.8338088650555737
2.84171904462603
2.8487640429890417
2.858917796875254
2.864252243832721
2.870137501362448
2.869433745129705
2.872014887114366
2.8776387149002427
2.8969602539717236
2.898800475230867
2.9099856492280565
2.913195965029278
2.933443493046011
2.938090590597154
2.9508466619267257
2.9532597281030672
2.95829698319987
2.964907080511435
2.9759195318974787
2.9826825568172084
2.9944414634034358
3.0009848667035395
3.0154799309272966
3.01874998002969
3.032157309782698
3.0393900317829474
3.0608219867882975
3.065183172995534
3.075579825537623
3.0847765197494983
3.0974444046262604
3.0995831653288253
3.120616510045322
3.128778378947424
3.137338524528385
3.1508746979443862
3.1529229595726505
3.1524152292099807
3.1774348828410557
3.1868285378082284
3.1915332472873534
3.199515913053746
3.206172999325491
3.204317023844085
3.215844765167825
3.226101910139659
3.24056626966863
3.248948284724379
3.250795463211044
3.2502734009601038
3.2588740304894315
3.2658682187367045
3.2784054625138506
3.2829479033967424
3.2975617639161343
3.301239560467693
3.3098689461514166
3.309804967978833
3.3153711738467764
3.3141171912692355
3.3193642614195427
3.322262593958154
3.3329287073411917
3.333833375955549
3.343507263110811
3.347954583130083
3.3632928157716844
3.3714684197556117
3.3774369772771013
3.381907533531033
3.400504439415167
3.4109016414011752
3.4232875026071237
3.4257037830396557
3.438994055382093
3.4461841749853903
3.4461474536166157
3.4456323064291623
3.458926293736946
3.4676783391820316
3.480888533173007
3.4892817778018936
3.494389160390859
3.500604134690654
3.5064026818174363
3.515374308641225
3.5271991227542974
3.526927046972882
3.5365439958699234
3.5433321978920898
3.5564411462042744
3.563288824576124
3.5758485391392214
3.5835329848725683
3.5955052405025323
3.601933537893581
3.620592233260642
3.625615693653661
3.6312816831993207
3.6377993287049164
3.65300967444127
3.6582280653103463
3.668572340112807
3.675217515210056
3.687075748602167
3.6860233102654534
3.696910262411046
3.70018383549244
3.703330648244868
3.7086424554683317
3.709544712650693
3.7214951885948038
3.7322644927090067
3.742005064116277
3.7509435628242085
3.75193581738632
3.7552923643694043
3.765664149160013
3.7714882415553577
3.7733441861041657
3.7891600677007333
3.7971570456235817
3.799710752069558
3.8031536713790035
3.816595806998397
3.8238603835363927
3.8358863379843755
3.8427351530286615
3.8498623704289794
3.8516902440151397
3.85056977581613
3.8546769749795726
3.862830746125959
3.8645811441933926
3.8727488790527262
3.8745370422772694
3.877677002998011
3.8808336013357865
3.889882278631629
3.8895688626677782
3.904811576822876
3.9095229481035756
3.9178260402330847
3.9249858581226316
3.9300264028446725
3.927853047389732
3.9318036174426148
3.9315353911142545
3.9413015931893995
3.9475886714952173
3.967227158717667
3.9678130277845987
3.9758444778416786
3.988186929320786
3.9968787958314476
3.9999683186586172
4.012248737450133
4.016063858154209
4.024588095478312
4.0233965235770395
4.022407970443354
4.028843102775536
4.03460340317166
4.035514482193439
4.047010322727638
4.051104617038108
4.061606277203232
4.064223744290979
4.077818429357383
4.077589605821135
4.078264948249763
4.0856361946917845
4.093189103620635
4.096646616609341
4.1169200048420835
4.122534732867147
4.126375720779217
4.130372061216752
4.1327918265923715
4.131558845546636
4.127746699323532
4.130168424172514
4.135314934823315
4.137154453504178
4.150212510983132
4.152448676047148
4.154207787562682
4.158622215816715
4.169547246471223
4.173463037087965
4.186330647269428
4.186231758920338
4.201884181106187
4.208660157983432
4.2135993664701985
4.216099076289927
4.2275495178780895
4.229491231727321
4.242162511332941
4.246488250017184
4.255708328986506
4.261620222470754
4.276222950281513
4.279372227041268
4.28859007442385
4.2894686493418215
4.288239923169318
4.291203623479455
4.301567983517525
4.30409868448776
4.305597991039102
4.309342673519936
4.3147431965469
4.319989689488721
4.317751503965985
4.3216516164196666
4.324853324243249
4.3324561056607696
4.344019451209277
4.349639537116502
4.359694854387937
4.356961730990985
4.359685645985217
4.3609991653756905
4.370772134091306
4.379699728675502
4.389413285194518
4.399151716341482
4.407383111926405
4.407208492154544
4.411372217642577
4.411916148463843
4.431310359349574
4.435059308173593
4.447978076489075
4.44636144889678
4.448406093547528
4.4513037639964805
4.457585701884365
4.46377340431759
4.470916245977145
4.472698341059514
4.4797592787284835
4.488654683879653
4.508983579634784
4.509354159105456
4.520754303685982
4.523766728105737
4.532069743596209
4.537327058089648
4.5472752265903535
4.54548472990018
4.552307940024622
4.556556754200721
4.571491743506709
4.579945917466736
4.583461861231656
4.588832901133216
4.598117794832248
4.602391845750384
4.606216160470285
4.610216855295008
4.617468137195912
4.617799995739891
4.627657956951033
4.637715371632815
4.6439252612082536
4.643401944835745
4.651893084439434
4.662049271820127
4.671568117152226
4.679293251285419
4.688790896001675
4.697596451125265
4.7017477195461765
4.707808087168828
4.710898830189715
4.714103309371531
4.728682346484294
4.737133598881568
4.7507888002440195
4.748986847432724
4.761651297780579
4.7643020040335475
4.766431548963358
4.7717036663457035
4.781453898957648
4.783478775124458
4.794151783116392
4.7997011372372045
4.804396399905554
4.808825764913434
4.8228548375329
4.827237137673725
4.83506454936193
4.839397705640095
4.849583339225259
4.850822136056527
4.863343171043057
4.865672050686129
4.873721212500521
4.876206079789191
4.8765127685964185
4.878202436627501
4.886295017369759
4.887715751591773
4.892897477843311
4.898533354714855
4.908227437208182
4.909633772026929
4.915013010076996
4.917541182382166
4.920649405484852
4.924272314221084
4.931151557222377
4.93551383467064
4.939314321740541
4.944824783992888
4.955192968712422
4.956791153016648
4.966636945517778
4.975224162918118
4.979064217996763
4.985023523786431
4.989572720861313
4.997969989989863
5.009168537132795
5.005135572870588
5.016134655298879
5.01403701269262
5.014141734451879
5.019580479070528
5.020358676670512
5.019992830617906
5.029651024439551
5.031289707008622
5.042039836788955
5.045685193411271
5.054429882895288
5.061587716191585
5.076978546389606
5.078250392827268
5.081957195569002
5.099051952166158
5.100600087288325
5.110572526639134
5.125342912220245
5.124999356534671
5.1398501228836695
5.150535021675478
5.156468406691405
5.160121035009148
5.154293998942664
5.161362410596509
5.164781907805433
5.1614545319414376
5.166308157565449
5.16762334236556
5.1684133304609485
5.1769060906716025
5.197632163224373
5.201416544681535
5.208919841503695
5.209351477605565
5.213057223864745
5.224473599005016
5.231448544271963
5.242060758749433
5.2456608474357385
5.2449721334725465
5.246295307372103
5.251539767632013
5.26165725909741
5.268900065116928
5.26911783397343
5.272810371343533
5.279098731902606
5.279796869876488
5.279669195646154
5.289201753760211
5.294210086812619
5.295534849705382
5.301199794265966
5.314898430416482
5.320750919712717
5.325206471211056
5.334784025656261
5.348911320009182
5.355713180042273
5.363282112725609
5.3700179492541205
5.376379437721649
5.375421795367086
5.387284961599403
5.397985467185627
5.399100989298733
5.40514380810062
5.421428799378372
5.43496112735472
5.44313092474708
5.450664568128079
5.459030200526797
5.46796370270491
5.470409884480364
5.478792119854594
5.48190719487174
5.490202536923794
5.497121331014744
5.506745052744333
5.512315106577194
5.511031888770182
5.51992649728272
5.532052413173036
5.539200533284469
5.548363697319113
5.565224883149699
5.576654586965628
5.57804453466853
5.584748929027497
5.591799550157393
5.594804981148489
5.598439226059168
5.614096714706599
5.620373683390202
5.624704404829199
5.634089955705776
5.642796176519813
5.647772504686719
5.657412028936194
5.659653976706635
5.664865835269548
5.681632313408777
5.689140734631338
5.695176528327011
5.7052024948963345
5.712735606236373
5.713984774258328
5.721063933443073
5.7376409402790385
5.756797611108733
5.768385927986296
5.777754539415112
5.7913543971922685
5.806529701507303
5.824478387564685
5.8379440758268295
5.845328504981475
5.859434064532687
5.867277574629864
5.8818019959849
5.889848386624912
5.9053686234169085
5.923569661570357
5.939395732959703
5.958707969893058
5.9676687440869784
5.982572313508411
5.994790880834995
6.00810128240516
6.017459538156888
6.019555206035307
6.035947435524024
6.050384110825255
6.06279301567227
6.069713160303261
6.083240000069785
6.097424859669969
6.113488365329167
6.131270900884568
6.143423195865523
6.1625552791823655
6.177428354509334
6.188563798464897
6.204540519574034
6.223717135085565
6.23294192546073
6.258487551962613
6.267434030559766
6.287867565611399
6.302750263149914
6.327485179847837
6.343029672523624
6.354203655656376
6.382093262643724
6.396435412868317
