0.04145350192972233
0.02238544969347257
0.03634389518232725
0.036939277214813215
0.03847997159695308
0.035303950956680055
0.02422048648032256
0.027732265331076256
0.052318624690134964
0.030964654361169835
0.02208225082152652
0.034731891204594384
0.042270421485935704
0.05322230408687489
0.04290731100088831
0.06065075744319574
0.025322365455812297
0.027843389105121547
0.030010570444582052
0.03858695270691227
0.07160543920246613
0.027956770058294656
0.02346191201820147
0.0433942157973439
0.03242443920844889
0.0379327201724344
0.020856200544331883
0.024751540549575072
0.030581647647543307
0.021394170376429465
0.03834369165159329
0.04967222438302678
0.023861179834511203
0.027115698286146912
0.041833603474004645
0.04727795781510898
0.04310854474247856
0.02606625003398548
0.058686177288491896
0.02629593767352686
0.035017289990495554
0.03258432849957332
0.030266280254373588
0.04521014138512374
0.034878779450094904
0.04005181301284507
0.02373726765212631
0.029540388957963952
0.030689559668581456
0.03497366661165133
0.02815948344257708
0.02568896053671444
0.023920596026203386
0.025934078780705624
0.021650695153490912
0.02762687244975237
0.04366793760156033
0.055083948635959966
0.0208876561383049
0.03485650049138207
0.02527937898927339
0.025757402868940633
0.020731012465718165
0.03311630623249716
0.033034204028716416
0.0435982949417777
0.03478655390178611
0.02076464596914584
0.040382950251871184
0.04158379397259427
0.03551377416318961
0.04852916342189715
0.06744568316014936
0.03033340083608437
0.026678272479252294
0.029633941160154432
0.050925292605966614
0.026613832493642374
0.04212590088275813
0.0421799817639289
0.028199679894233106
0.043097207475089216
0.02884162472047855
0.04221473661521
0.022294820979244276
0.06862719960623952
0.04908482023366282
0.026870853426320382
0.03133684118802043
0.029703378003194152
0.034413643517249404
0.03380760636728543
0.05939921431077785
0.03631397576598317
0.036212098814501464
0.04483138877206536
0.02118545141180475
0.055594654667340794
0.07598560810379221
0.033080105389208324
0.040123208016300295
0.04344397133275574
0.06215740089015542
0.024567764836315897
0.02862368616265691
0.045094208263009763
0.03598508853612219
0.021948303542200766
0.0413233704953509
0.020708744221955448
0.03371272978963234
0.024863460913224212
0.04561094744641724
0.03047950713062012
0.029970220966510454
0.03654232979266036
0.020854297366498027
0.025987435547567397
0.0516700324274895
0.04075264097972107
0.05047388553803229
0.032837480673182394
0.0470032688213796
0.023549853573716067
0.02517821976025543
0.025712363718540094
0.02704231790111173
0.029314226763874577
0.07961945435133554
0.03061694893998365
0.031118993729024328
0.02253330109621383
0.04197369728172018
0.055565324287909744
0.041914544418612976
0.02890379171298216
0.042176689468657796
0.03227019867305002
0.03493237757181297
0.024623392556367453
0.043946432330429566
0.0361481202548044
0.041614553398966664
0.04439435435815555
0.02468134515186905
0.051539437653066365
0.035396135000418
0.04116551712764114
0.04598127799591348
0.028225437271950045
0.022637014838704065
0.028983749135034403
0.03986408489491455
0.028001389694975586
0.04143655925644313
0.02737398250741932
0.02650909811749175
0.04397557621454629
0.030305096078376444
0.06662237426142158
0.05331565114631882
0.031784600129661826
0.026010848564265686
0.02264231265177034
0.036281571800568055
0.029745554180032503
0.041732929817072474
0.03078293138576675
0.03544724543938558
0.049208628206741496
0.024980088196761594
0.03593630714408289
0.024683857515926444
0.028603706627444016
0.03420238150509534
0.029784475919411448
0.03243384658797625
0.04166202045463896
0.02072086482256407
0.025184207833396283
0.02925269697300437
0.050737226538950186
0.02169766470820791
0.032962127634754125
0.021080338866125627
0.03296177428235971
0.02969518600689219
0.028720408683071363
0.027158883294805328
0.04316297410086619
0.04441502438668496
0.057160422472864604
0.02414564111815957
0.030425809070751514
0.04420898564444618
0.027287838929194622
0.0393363354895619
0.021652565736971906
0.040214578451537815
0.04221972950040741
0.02371546052800239
0.02369183008237262
0.033100368888191394
0.02644749073990669
0.028572286829717006
0.026781841349285386
0.02584935206704027
0.026034606624689267
0.03256065662841587
0.03327165417947022
0.02365627471992725
0.06982572115705687
0.025219624878942606
0.035443392663109155
0.042113341684768
0.02252045506449
0.024845192998144566
0.02789730436919973
0.02959676195681068
0.040668341985124666
0.05844099174742684
0.03687369808318195
0.0550243862375532
0.037260083674573716
0.027801889561144946
0.028189368481510726
0.03325931340274079
0.04519214235443336
0.021437341544785757
0.023343686594439035
0.04396825234614593
0.04025394601693021
0.03354181679219493
0.02669242787402951
0.02494070844013685
0.03699591899082157
0.020776910004646137
0.022912468800031546
0.0256246880716683
0.06364728816718762
0.02776632883764702
0.03685016917299278
0.03820627697247705
0.02617735079976529
0.03691222833514672
0.031222413991758836
0.029813086424583423
0.025455279382733533
0.036295675028862544
0.0472522171721207
0.04579606449021825
0.04304471070449941
0.02465906219519766
0.059492741042603325
0.023437051367013854
0.03237891559679285
0.03213171233423195
0.05008168701999755
0.03674128866697888
0.02502677044180962
0.05612657984034311
0.047629978154996054
0.031792888929173965
0.03672830977546255
0.04071396007326686
0.06356636033059154
0.024409012419790255
0.04031591333001442
0.04250831004659549
0.048751975771739606
0.04261232461812447
0.022191783924386085
0.03130106473927737
0.02956056215854814
0.03353498502907295
0.03495368948266205
0.03452749790619655
0.06507866924562525
0.025650400029740075
0.02652123088217983
0.040706876664255674
0.041621590623607055
0.021966366189303393
0.020723023576452355
0.055180948981358405
0.03026541382678109
0.029092918527112623
0.028448432904893663
0.04940064093755062
0.02868006116671029
0.027236894428510367
0.02299316399381669
0.04342074148436211
0.06830700876961746
0.02952775429953775
0.029355738296644843
0.02955051103677395
0.0277705335517741
0.0458479937297819
0.04876285357992206
0.0363548193464281
0.03369555517805504
0.03715560369062821
0.022888995349572984
0.03677994525028741
0.030153871534595564
0.036618323186647234
0.05332152735184255
0.031332182398717164
0.02864398045495123
0.026986708525566235
0.045637405697148616
0.03426171651817389
0.029111235556400678
0.027113572373483837
0.04655060258161154
0.042505298966500134
0.03431980765551486
0.04093749799869769
0.07044921630118049
0.030411150194748802
0.028277601651920104
0.04360634572118981
0.04109357676944541
0.021823198901442322
0.02306691879816579
0.027985438703082254
0.02746155185641298
0.03727136147735813
0.03626773899710124
0.05838847545186197
0.055953905361325454
0.02531053230089041
0.03020929542128601
0.04187440593820526
0.02148794725650825
0.03270390723309432
0.02857122455910397
0.030483120819389035
0.020833779892618542
0.04110560986624379
0.02731595625293385
0.07064823986667747
0.04112539001728903
0.04129821504778095
0.0224844756700674
0.05808412110479127
0.03576981228169258
0.025332401688485877
0.023692566847997292
0.025030959837001838
0.02384222252352935
0.05483426670938665
0.026661029846341396
0.03075150135710511
0.05124099565779773
0.028052687832540744
0.04355753349320237
0.027986234850784844
0.04754973453469476
0.05426023695863042
0.023181682934355456
0.050221725588199026
0.03101140203389602
0.030810477618462926
0.027102661250240304
0.05736130320038195
0.04056414543954028
0.04270060849504701
0.04887904847308754
0.024586914741215705
0.050309915740138766
0.041410947513091705
0.02818050033531456
0.041316254547230806
0.05966355123658588
0.03722452256021368
0.030473435439833666
0.041942656723578164
0.027143582568718835
0.04914112245373689
0.04074533326535549
0.034707960200813195
0.05776155974436479
0.020896902158130205
0.044373972843056254
0.03420668826506368
0.044357740573546106
0.050020657436633864
0.03928335869128753
0.04136808510085166
0.06281519199686249
0.046625955606795035
0.027429493666365764
0.04007083687225134
0.03640118982435692
0.037024483892871315
0.02786697657400384
0.027733591833156997
0.04112241123936867
0.03768640649327508
