0.010132587532901211
0.016831548136074508
0.019977265785695347
0.015086901862818162
0.012617472820686449
0.014868616576156467
0.017421334658861736
0.010596004175965505
0.012746502768958065
0.016865937652211376
0.019785779244432998
0.017302055983345856
0.010068954201900881
0.02055134405753603
0.01599443129204954
0.015592306831845561
0.019560435690012562
0.019727217428045667
0.012907393795829248
0.009822302960755619
0.009684057799128929
0.013697402536712026
0.011623546189880561
0.01381168622618579
0.019250605834923717
0.017269439193434623
0.009612778310019113
0.008735706492795542
0.0044913715883831825
0.02021055733377975
0.008594475331788733
0.017355770060400094
0.012163065299253395
0.010169564653150116
0.013356032199114033
0.010271204763072061
0.017257032377085715
0.011618430302379527
0.013820714457531096
0.015292838191879607
0.012731419797492677
0.012962680536668882
0.01648751353326513
0.016030843822345354
0.018846770049667907
0.004472158936732474
0.01813509329021859
0.01744580542113786
0.011235292020239134
0.019176644536698956
0.01310436065421097
0.01006637677074862
0.019882110090507117
0.002651800842306752
0.014670767591889523
0.017079868796829867
0.01985304631411536
0.011675095851819941
0.01914560908267645
0.020068887916603766
0.01578831702017555
0.016656684178771912
0.019612767806987053
0.01294934148833114
0.016129592935796192
0.016447728952271062
0.01368940243494148
0.01459694601769099
0.018511303597925074
0.013119493941387787
0.017578575570926874
0.005281622022004817
0.009231722229702418
0.018575656741176106
0.008868415385774528
0.005193483237672026
0.018411534530550305
0.01690646054198243
0.004625424272066276
0.011293029548121
0.007175384239063478
0.01718167242392488
0.016382303773448865
0.01559458274536944
0.013094415423888651
0.006623312875072547
0.019819122321965196
0.013997691538381816
0.019042679034307515
0.01392184999565095
0.015713457877284658
0.016963677575554066
0.019015487721872483
0.016825076543630087
0.019449793835913522
0.018331048037510105
0.00966789749946397
0.019668057390913252
0.016680515800660958
0.002587679317091386
0.0159547502361963
0.01602968764712558
0.009584439088419555
0.01936535201524479
0.01837757526476781
0.019985765197130724
0.018097755524473784
0.008891735788550304
0.01591710031098053
0.01684662891743435
0.006293772765558566
0.011763010024472421
0.019908688041144013
0.019019385252716202
0.009192932598857421
0.015332512129623317
0.015184175422676756
0.02039805419987079
0.012896857696063703
0.017007845208961498
0.019517852663145874
0.01860831651879303
0.017599441618803474
0.01308212373436042
0.010587519796729894
0.012398095094631013
0.014521216527973021
0.01973073588426716
0.016819842114170338
0.019598466865154363
0.005744433638876551
0.019705875005778254
