0.015062972006230156
0.0155235539796937
0.018423413221537302
0.015974769835450535
0.01633519815624274
0.011484017673683794
0.007741950232737024
0.016530572826823346
0.02039299035074177
0.012028696828348692
0.018887132636045106
0.015787024644071366
0.01852803898996741
0.018237422634812036
0.013329686588687856
0.018579415278636987
0.010839988952571022
0.011555988613926847
0.020623571507120405
0.016191503159369403
0.017287065939605547
0.0177011233594293
0.018286041333901097
0.017458157022345266
0.016053046500914943
0.011380607583199724
0.01209366195632889
0.011163462143550677
0.017393909915175525
0.014270731849502288
0.012641264326309729
0.010854516586801258
0.01723168865905945
0.017850448866706687
0.01538835015026314
0.01604013036290138
0.012896497856639091
0.01638618441208742
0.014791533746005368
0.018278256817288487
0.01588057469354475
0.016627998267377053
0.007786958051254542
0.01156720281830318
0.013515981098084094
0.0072746647279711245
0.019729805347450217
0.013399764852115893
0.012377893118227798
0.01859152333162186
0.02015542449567388
0.010606147201293749
0.008427159808077197
0.018899739532192032
0.017371309110392263
0.010991609305368175
0.007478345464823781
0.017711880868261268
0.0161751542131002
0.016464783525443758
0.013702830267315927
0.017828618182801292
0.018701128249092782
0.007882734108723716
0.018940975367708324
0.020085509625015055
0.013950739626546813
0.012596638406181393
0.014415318125643915
0.004081745024559381
0.0068607881613510805
0.008145596031002823
0.020590356083350976
0.018209632331805482
0.010769818777667363
0.020236545205071777
0.01994537604222611
0.013984776241755637
0.009941482356129084
0.007618131082553064
0.017245308525113006
0.014646613655497541
0.017865465432768547
0.0147824370719349
0.02039663212391153
0.013194969173115296
0.012868042854178885
0.01811214348915672
0.019289308294810584
0.014984939332433701
0.013225323870840841
0.009062519036081481
0.014821570279890822
0.019587102260187728
0.016557041447403432
0.009588309535256447
0.02007498514103577
0.020047563055300272
0.016513571184070472
0.019791557615186764
