0.0280485103135421
0.034500449750964196
0.029373814271201486
0.028361292922740113
0.044333230523799304
0.02871695301773151
0.053943592668216044
0.032445269655402814
0.028743292186146033
0.057830361900094565
0.034427977749505526
0.04522186295421476
0.026785384313305686
0.03324229048295054
0.02221020203258024
0.02534646055080737
0.024819848819688024
0.024422143390574493
0.02214765564670499
0.031041719038665743
0.022932339868715155
0.05854458540117578
0.028241328894579518
0.026913288522107337
0.03651631612660724
0.03340359368179772
0.060242123492431535
0.025874363488344918
0.04155574924872675
0.029640627663206583
0.025015371696536073
0.021186330191636706
0.0277031983298245
0.04660412455137148
0.02286345230058659
0.056927002487279735
0.02373990618832745
0.03131093457662648
0.046434428175800596
0.02656051522323802
0.04382903322346652
0.022113373855457426
0.029284823736691546
0.022073738458978146
0.02675966184685504
0.02303018971403418
0.04620903087533984
0.031430174496712704
0.04594158210376602
0.0328023111169412
0.02680675319306851
0.03245330551001414
0.0463476796385941
0.026916729481229192
0.02265063739085199
0.04001012668645203
0.03527066691282413
0.0525469941707922
0.03540401382116923
0.04425762378997725
0.033079162773106005
0.030709886966103408
0.027163961143659075
0.027838265013463582
0.044271399986184894
0.028158569922498742
0.03772092870788063
0.039210643660988344
0.04639542190262065
0.04829569707415102
0.028117907211354813
0.033547057203538164
0.04493105617894829
0.023615981058067125
0.04686194108374157
0.05171486287917453
0.022439204816197062
0.030640869074991334
0.11307187989873464
0.029506385060382615
0.0374477931902371
0.023951682124458525
0.03468271256317986
0.02352132853914229
0.026246670494729223
0.08228289071932036
0.021820423581138015
0.0296299246722241
0.026211150623636485
0.029150265450583822
0.04219201974695183
0.04025733678474761
0.023863563830226746
0.03681164665188338
0.02916769442563054
0.02618850721279234
0.054881527742434974
0.030098042158914325
0.023821904118369645
0.022672219784296448
0.04499039372875664
0.04642108794968051
0.02577958791335627
0.02756327423732853
0.026038449968008418
0.050358493828674834
0.05516522631513466
0.026165562796708043
0.024961976095953114
0.02944421606263526
0.03908437530556854
0.04673102850912128
0.03654868181925914
0.02261579311643181
0.03425720008617698
0.040383356724105667
0.03913857270952726
0.03110915047576387
0.02249417909904655
0.03260029715059205
0.031560636409441345
0.03344318422931915
0.03506111978704035
0.03271289469811262
0.05465922969153416
0.03355060249457996
0.03082104004767729
0.022785513826256612
0.03704020822220977
0.025715168132663762
0.02929019353780596
0.024339068445944422
0.06493400619805346
0.05318304702894617
0.029630846149848317
0.02559394176234103
0.0264162100463364
0.03157604435731565
0.02862728470515589
0.04274185048615267
0.0731706973172237
0.044818082102646276
0.04070063412091665
0.04810033106628349
0.051286980112951866
0.033057122131556115
0.03724390845526997
0.03128807110252185
0.023940724167722232
0.03720116602902506
0.02412978703945987
0.039186617906399684
0.027880285285159435
0.03127497773663413
0.02354337911641669
0.05788202957335046
0.02960888985872015
0.032624875406314556
0.03572955698082654
0.03688993792200488
0.027957747046579422
0.030492101780445317
0.022376545014944432
0.02381759821228366
0.025125798510024284
0.023306339795463597
0.04194289957653483
0.03698659613963086
0.035939024994791874
0.04907893327399252
0.027062750376681186
0.028309088218588303
0.030975967476502275
0.042236048878602175
0.023964600059001168
0.04816042087412274
0.038158000185571125
0.023350018318426115
0.03557690152346798
0.07977667341707824
0.10440260967706104
0.026646305836973045
0.02797444285878139
0.026489496656173478
0.04269002829912601
0.023674132947107938
0.021354456495958903
0.03345861395473495
0.04555367501990636
0.04541671066741665
0.03211104018501305
0.03077867698849801
0.04684557005220904
0.022005562633891546
0.07194716414151256
0.04280026175937633
0.05240202262650728
0.034402672458787094
0.07363948287484498
0.025160737261448043
0.030834890074245804
0.03709054007019048
0.0231977970249317
0.023692403710881497
0.03214495828987831
0.03983169717347868
0.07663473371158297
0.04744607251378057
0.06155929903045605
0.020843303326698023
0.023128320647187724
0.03245218327705644
0.036674903907346325
0.029561720038271365
0.030576760538459667
0.03315314317785338
0.03181388780316792
0.03009134329056872
0.030505438830826747
0.030926201723431065
0.030594721701768964
0.0372549199261551
0.03678682197761775
0.02161308606679084
0.04408894668092409
0.024920967891470712
0.023297953634105105
0.033131089679800635
0.0236399243801883
0.041825766926932594
0.027142396307023878
0.06543993799935258
0.02360008776800584
0.03314865514836469
0.03566776745402678
0.026742446105453066
0.032104638306581085
0.020701654783775298
0.033787204232559764
0.0307683080503963
0.024635582696419838
0.030764179232976564
0.04756394085003099
0.032173391285137624
0.06318796290057806
0.042707546518447215
0.03640613917964522
0.028735236728115333
0.038639691700866854
0.027355124846274764
0.03888485152751681
0.04281396252237707
0.0225273218190414
0.023609151657846564
0.035531402146958865
0.0220564223006897
0.023481721185815423
0.0215868706162591
0.028139446889982603
0.024419174695307196
0.030347467916827273
0.025829066244335296
0.03286226741298325
0.026387117738822217
0.05614937009527762
0.048858148723742806
0.03294452491328114
0.024910168540007403
0.03155175593166399
0.02566935311885145
0.023369200997816916
0.026648266891945674
0.030438836121144546
0.05842873155244632
0.029088608944509084
0.029817323830528042
0.022245521148908137
0.021098412580929145
0.02481849408338312
0.021352825984494853
0.05624593639527979
0.03596927269889826
0.03001907352819668
0.04205006598841533
0.03024752035147498
0.031540000246119755
0.03065099710205286
0.03644486818792258
0.05772239773235529
0.02935321431898752
0.037991939826503354
0.026337925123018094
0.022030013521757177
0.041546532936441616
0.03512524901309784
0.03146161996840829
0.05697452550511185
0.03243937470398665
0.03959876919705926
0.08594682306369063
0.023065795083959707
0.0389596909758896
0.022947813563513726
0.032256325385846246
0.02465614679673799
0.02941362735892209
0.02963669097353776
0.023776031438152632
0.03678293511156308
0.030041059738018912
0.034094869320420274
0.02615997005012689
0.02261599690115218
0.042220680140557194
0.023630582585664
0.026242506043794363
0.056760670386411104
0.03169010608547406
0.023795545549315452
0.022608149894953654
0.03907883858549551
0.02644760454050875
0.032250228364371726
0.029000062627623592
0.031355102644076684
0.021208590772680853
0.03687446569765932
0.033500828943465684
0.03563321964199056
0.03073526229043674
0.036956993342591206
0.033624459800974844
0.03487511236622227
0.03484689007284774
0.049339427990878676
0.03023316644328772
0.03564394924211065
0.029217211002789113
0.03465469158155127
0.023554897644635458
0.03388871710197522
0.0234091685306011
0.02747837599472042
0.05154493019328397
0.08603690168315709
0.024977008065167502
0.02989869830463699
0.063466567694276
0.023094305248246256
0.02258970204700249
0.033464818078986464
0.034934275986049416
0.034824484453004935
0.03398033451447763
0.08105151108255283
0.03941292409829174
0.05101873152330349
0.02697430940340305
0.023140826620189535
0.02269764542305915
0.027944439365845276
0.025431014361832874
0.027194478118122305
0.024233177061899456
0.025732958461716637
0.036840641569743794
0.023677293614687674
0.025467519306946847
0.05447948746304729
