0.0
0.0
0.0
0.0
0.0
0.0
0.0
0.0
0.0
0.0
0.0
0.0
0.0
0.0
0.0
0.0
0.0
0.0
0.0
0.0
0.0
0.0
0.0
0.0
0.0
0.0
0.0
0.0
0.0
0.0
0.0
0.0
0.0
0.0
0.0
0.0
0.0
0.0
0.0
0.0
0.0
0.0
0.0
0.0
0.0
0.0
0.0
0.0
0.0
0.0
0.0
0.0
0.0
0.0
0.0
0.0
0.0
0.0
0.0
0.0
0.0
0.0
0.0
0.0
0.0
0.0
0.0
0.0
0.0
0.0
0.0
0.0
0.0
0.0
0.0
0.0
0.0
0.0
0.0
0.0
0.0
0.0
0.0
0.0
0.0
0.0
0.0
0.0
0.0
0.0
0.0
0.0
0.0
0.0
0.0
0.0
0.0
0.0
0.0
0.0
0.0
0.0
0.0
0.0
0.0
0.0
0.0
0.0
0.0
0.0
0.0
0.0
0.0
0.0
0.0
0.0
0.0
0.0
0.0
0.0
0.0
0.0
0.0
0.0
0.0
0.0
0.0
0.0
0.0
0.0
0.0
0.0
0.0
0.0
0.0
0.0
0.0
0.0
0.0
0.0
0.0
0.0
0.0
0.0
0.0
0.0
0.0
0.0
0.0
0.0
0.0
0.0
0.0
0.0
0.0
0.0
0.0
0.0
0.0
0.0
0.0
0.0
0.0
0.0
0.0
0.0
0.0
0.0
0.0
0.0
0.0
0.0
0.0
0.0
0.0
0.0
0.0
0.0
0.0
0.0
0.0
0.0
0.0
0.0
0.0
0.0
0.0
0.0
0.0
0.0
0.0
0.0
0.0
0.0
0.0
0.0
0.0
0.0
0.0
0.0
0.0
0.0
0.0
0.0
0.0
0.0
0.0
0.0
0.0
0.0
0.0
0.0
0.0
0.0
0.0
0.0
0.0
0.0
0.0
0.0
0.0
0.0
0.0
0.0
0.0
0.0
0.0
0.0
0.0
0.0
0.0
0.0
0.0
0.0
0.0
0.0
0.0
0.0
0.0
0.0
0.0
0.0
0.0
0.0
0.0
0.0
0.0
0.0
0.0
0.0
0.0
0.0
0.0
0.0
0.0
0.0
0.0
0.0
0.0
0.0
0.0
0.0
0.0
0.0
0.0
0.0
0.0
0.0
0.0
0.0
0.0
0.0
0.0
0.0
0.0
0.0
0.0
0.0
0.0
0.0
0.0
0.0
0.0
0.0
0.0
0.0
0.0
0.0
0.0
0.0
0.0
0.0
0.0
0.0
0.0
0.0
0.0
0.0
0.0
0.0
0.0
0.0
0.0
0.0
0.0
0.0
0.0
0.0
0.0
0.0
0.0
0.0
0.0
0.0
0.0
0.0
0.0
0.0
0.0
0.0
0.0
0.0
0.0
0.0
0.0
0.0
0.0
0.0
0.0
0.0
0.0
0.0
0.0
0.0
0.0
0.0
0.0
0.0
0.0
0.0
0.0
0.0
0.0
0.0
0.0
0.0
0.0
0.0
0.0
0.0
0.0
0.0
0.0
0.0
0.0
0.0
0.0
0.0
0.0
0.0
0.0
0.0
0.0
0.0
0.0
0.0
0.0
0.0
0.0
0.0
0.0
0.0
0.0
0.0
0.0
0.0
0.0
0.0
0.0
0.0
0.0
0.0
0.0
0.0
0.0
0.0
0.0
0.0
0.0
0.0
0.0
0.0
0.0
0.0
0.0
0.0
0.0
0.0
0.0
0.0
0.0
0.0
0.0
0.0
0.0
0.0
0.0
0.0
0.0
0.0
0.0
0.0
0.0
0.0
0.0
0.0
0.0
0.0
0.0
0.0
0.0
0.0
0.0
0.0
0.0
0.0
0.0
0.0
0.0
0.0
0.0
0.0
0.0
0.0
0.0
0.0
0.0
0.0
0.0
0.0
0.0
0.0
0.0
0.0
0.0
0.0
0.0
0.0
0.0
0.0
0.0
0.0
0.0
0.0
0.0
0.0
0.0
0.0
0.0
0.0
0.0
0.0
0.0
0.0
0.0
0.0
0.0
0.0
0.0
0.0
0.0
0.0
0.0
0.0
0.0
0.0
0.0
0.0
0.0
0.0
0.0
0.0
0.0
0.0
0.0
0.0
0.0
0.0
0.0
0.0
0.0
0.0
0.0
0.0
0.0
0.0
0.0
0.0
0.0
0.0
0.0
0.0
0.0
0.0
0.0
0.0
0.0
0.0
0.0
0.0
0.0
0.0
0.0
0.0
0.0
0.0
0.0
0.0
0.0
0.0
0.0
0.0
0.0
0.0
0.0
0.0
0.0
0.0
0.0
0.0
0.0
0.0
0.0
0.0
0.0
0.0
0.0
0.0
0.0
0.0
0.0
0.0
0.0
0.0
0.0
0.0
0.0
0.0
0.0
0.0
0.0
0.0
0.0
0.0
0.0
0.0
0.0
0.0
0.0
0.0
0.0
0.0
0.0
0.0
0.0
0.0
0.0
0.0
0.0
0.0
0.0
0.0
0.0
0.0
0.0
0.0
0.0
0.0
0.0
0.0
0.0
0.0
0.0
0.0
0.0
0.0
0.0
0.0
0.0
0.0
0.0
0.0
0.0
0.0
0.0
0.0
0.0
0.0
0.0
0.0
0.0
0.0
0.0
0.0
0.0
0.0
0.0
0.0
0.0
0.0
0.0
0.0
0.0
0.0
0.0
0.0
0.0
0.0
0.0
0.0
0.0051813471502590676
0.0051813471502590676
0.0051813471502590676
0.0051813471502590676
0.0038022813688212928
0.0038022813688212928
0.0038022813688212928
0.0038022813688212928
0.009569377990430622
0.009569377990430622
0.009569377990430622
0.009569377990430622
0.009174311926605505
0.009174311926605505
0.009174311926605505
0.009174311926605505
0.009174311926605505
0.009174311926605505
0.009174311926605505
0.009174311926605505
0.01
0.01
0.01
0.01
0.009433962264150943
0.009433962264150943
0.009433962264150943
0.009433962264150943
0.008583690987124463
0.008583690987124463
0.008583690987124463
0.008583690987124463
0.011834319526627219
0.011834319526627219
0.011834319526627219
0.011834319526627219
0.012422360248447204
0.012422360248447204
0.012422360248447204
0.012422360248447204
0.008849557522123894
0.008849557522123894
0.008849557522123894
0.008849557522123894
0.009569377990430622
0.009569377990430622
0.009569377990430622
0.009569377990430622
0.00796812749003984
0.00796812749003984
0.00796812749003984
0.00796812749003984
0.007434944237918215
0.007434944237918215
0.007434944237918215
0.007434944237918215
0.009900990099009901
0.009900990099009901
0.009900990099009901
0.009900990099009901
0.009174311926605505
0.009174311926605505
0.009174311926605505
0.009174311926605505
0.007168458781362007
0.007168458781362007
0.007168458781362007
0.007168458781362007
0.007042253521126761
0.007042253521126761
0.007042253521126761
0.007042253521126761
0.00966183574879227
0.00966183574879227
0.00966183574879227
0.00966183574879227
0.013452914798206279
0.013452914798206279
0.013452914798206279
0.013452914798206279
0.014018691588785047
0.014018691588785047
0.014018691588785047
0.014018691588785047
0.01639344262295082
0.01639344262295082
0.01639344262295082
0.01639344262295082
0.016216216216216217
0.016216216216216217
0.016216216216216217
0.016216216216216217
0.015151515151515152
0.015151515151515152
0.015151515151515152
0.015151515151515152
0.016129032258064516
0.016129032258064516
0.016129032258064516
0.016129032258064516
0.014084507042253521
0.014084507042253521
0.014084507042253521
0.014084507042253521
0.013452914798206279
0.013452914798206279
0.013452914798206279
0.013452914798206279
0.015625
0.015625
0.015625
0.015625
0.014084507042253521
0.014084507042253521
0.014084507042253521
0.014084507042253521
0.013888888888888888
0.013888888888888888
0.013888888888888888
0.013888888888888888
0.013157894736842105
0.013157894736842105
0.013157894736842105
0.013157894736842105
0.01507537688442211
0.01507537688442211
0.02
0.02
0.02040816326530612
0.02040816326530612
0.010309278350515464
0.010309278350515464
0.009259259259259259
0.009259259259259259
0.009259259259259259
0.009259259259259259
0.008968609865470852
0.008968609865470852
0.008968609865470852
0.008968609865470852
0.009852216748768473
0.014705882352941176
0.014705882352941176
0.014705882352941176
0.015873015873015872
0.015873015873015872
0.015873015873015872
0.015873015873015872
0.03125
0.03125
0.03125
0.03125
0.024390243902439025
0.024390243902439025
0.024390243902439025
0.024390243902439025
0.027450980392156862
0.027450980392156862
0.027450980392156862
0.027450980392156862
0.02304147465437788
0.0319634703196347
0.0319634703196347
0.0319634703196347
0.02843601895734597
0.0330188679245283
0.0330188679245283
0.0330188679245283
0.02336448598130841
0.027906976744186046
0.027906976744186046
0.027906976744186046
0.025974025974025976
0.038461538461538464
0.038461538461538464
0.038461538461538464
0.039647577092511016
0.026785714285714284
0.026785714285714284
0.026785714285714284
0.028846153846153848
0.0049261083743842365
0.0049261083743842365
0.0049261083743842365
0.0053475935828877
0.05102040816326531
0.05102040816326531
0.05102040816326531
0.042735042735042736
0.0743801652892562
0.0743801652892562
0.0743801652892562
0.09375
0.08900523560209424
0.08900523560209424
0.08900523560209424
0.07172995780590717
0.06779661016949153
0.06779661016949153
0.06779661016949153
0.0730593607305936
0.11353711790393013
0.11353711790393013
0.11353711790393013
0.13131313131313133
0.15270935960591134
0.15270935960591134
0.15270935960591134
0.13478260869565217
0.17768595041322313
0.17768595041322313
0.17768595041322313
0.17338709677419356
0.14583333333333334
0.14583333333333334
0.14583333333333334
0.1724137931034483
0.13846153846153847
0.13846153846153847
0.13846153846153847
0.12217194570135746
0.15283842794759825
0.15283842794759825
0.15283842794759825
0.16055045871559634
0.1201923076923077
0.1201923076923077
0.1201923076923077
0.13
0.09375
0.09375
0.09375
0.07692307692307693
0.056768558951965066
0.056768558951965066
0.056768558951965066
0.05485232067510549
0.08196721311475409
0.08196721311475409
0.08196721311475409
0.0947867298578199
0.09047619047619047
0.09047619047619047
0.09047619047619047
0.08520179372197309
0.08928571428571429
0.08928571428571429
0.08928571428571429
0.08771929824561403
0.1111111111111111
0.1111111111111111
0.1111111111111111
0.10077519379844961
0.10424710424710425
0.10424710424710425
0.10424710424710425
0.11894273127753303
0.17695473251028807
0.17695473251028807
0.17695473251028807
0.20673076923076922
0.26666666666666666
0.26666666666666666
0.26666666666666666
0.3015075376884422
0.4110169491525424
0.4110169491525424
0.4110169491525424
0.44495412844036697
0.4068627450980392
0.4068627450980392
0.4068627450980392
0.3401639344262295
0.28444444444444444
0.28444444444444444
0.28444444444444444
0.28193832599118945
0.2488479262672811
0.2488479262672811
0.2488479262672811
0.2608695652173913
0.27488151658767773
0.27488151658767773
0.27488151658767773
0.2815533980582524
0.2562814070351759
0.2562814070351759
0.2562814070351759
0.2350230414746544
0.23853211009174313
0.23853211009174313
0.23853211009174313
0.22413793103448276
0.24050632911392406
0.24050632911392406
0.24050632911392406
0.25675675675675674
0.2465753424657534
0.2465753424657534
0.2465753424657534
0.242152466367713
0.24888888888888888
0.24888888888888888
0.24888888888888888
0.27586206896551724
0.25757575757575757
0.25757575757575757
0.25757575757575757
0.22466960352422907
0.23478260869565218
0.23478260869565218
0.23478260869565218
0.23478260869565218
0.21428571428571427
0.21428571428571427
0.21428571428571427
0.19672131147540983
0.19672131147540983
0.19672131147540983
0.19672131147540983
0.2594594594594595
0.2346368715083799
0.2346368715083799
0.2346368715083799
0.1926605504587156
0.2874493927125506
0.2874493927125506
0.2874493927125506
0.2720306513409962
0.21487603305785125
0.21487603305785125
0.21487603305785125
0.20392156862745098
0.17142857142857143
0.17142857142857143
0.17142857142857143
0.18666666666666668
0.15668202764976957
0.15668202764976957
0.15668202764976957
0.16037735849056603
0.14832535885167464
0.14832535885167464
0.14832535885167464
0.12109375
0.12790697674418605
0.12790697674418605
0.12790697674418605
0.13306451612903225
0.09282700421940929
0.09282700421940929
0.09282700421940929
0.09482758620689655
0.12133891213389121
0.12133891213389121
0.12133891213389121
0.13551401869158877
0.1590909090909091
0.1590909090909091
0.1590909090909091
0.15283842794759825
0.0892018779342723
0.0892018779342723
0.0892018779342723
0.076
0.08695652173913043
0.08695652173913043
0.08695652173913043
0.09401709401709402
0.08225108225108226
0.08225108225108226
0.08225108225108226
0.09844559585492228
0.14285714285714285
0.14285714285714285
0.14285714285714285
0.13004484304932734
0.2145748987854251
0.2145748987854251
0.2145748987854251
0.24766355140186916
