0.0
0.0
0.0
0.0
0.0
0.0
0.0
0.0
0.0
0.0
0.0
0.0
0.0
0.0
0.0
0.0
0.0
0.0
0.0
0.0
0.0
0.0
0.0
0.0
0.0
0.0
0.0
0.0
0.0
0.0
0.0
0.0
0.0
0.0
0.0
0.0
0.0
0.0
0.0
0.0
0.0
0.0
0.0
0.0
0.0
0.0
0.0
0.0
0.0
0.0
0.0
0.0
0.0
0.0
0.0
0.0
0.0
0.0
0.0
0.0
0.0
0.0
0.0
0.0
0.0
0.0
0.0
0.0
0.0
0.0
0.0
0.0
0.0
0.0
0.0
0.0
0.0
0.0
0.0
0.0
0.0
0.0
0.0
0.0
0.0
0.0
0.0
0.0
0.0
0.0
0.0
0.0
0.0
0.0
0.0
0.0
0.0
0.0
0.0
0.0
0.0
0.0
0.0
0.0
0.0
0.0
0.0
0.0
0.0
0.0
0.0
0.0
0.0
0.0
0.0
0.0
0.0
0.0
0.0
0.0
0.0
0.0
0.0
0.0
0.0
0.0
0.0
0.0
0.0
0.0
0.0
0.0
0.0
0.0
0.0
0.0
0.0
0.0
0.0
0.0
0.0
0.0
0.0
0.0
0.0
0.0
0.0
0.0
0.0
0.0
0.0
0.0
0.0
0.0
0.0
0.0
0.0
0.0
0.0
0.0
0.0
0.0
0.0
0.0
0.0
0.0
0.0
0.0
0.0
0.0
0.0
0.0
0.0
0.0
0.0
0.0
0.0
0.0
0.0
0.0
0.0
0.0
0.0
0.0
0.0
0.0
0.0
0.0
0.0
0.0
0.0
0.0
0.0
0.0
0.0
0.0
0.0
0.0
0.0
0.0
0.0
0.0
0.0
0.0
0.0
0.0
0.0
0.0
0.0
0.0
0.0
0.0
0.0
0.0
0.0
0.0
0.0
0.0
0.0
0.0
0.0
0.0
0.0
0.0
0.0
0.0
0.0
0.0
0.0
0.0
0.0
0.0
0.0
0.0
0.0
0.0
0.0
0.0
0.0
0.0
0.0
0.0
0.0
0.0
0.0
0.0
0.0
0.0
0.0
0.0
0.0
0.0
0.0
0.0
0.0
0.0
0.0
0.0
0.0
0.0
0.0
0.0
0.0
0.0
0.0
0.0
0.0
0.0
0.0
0.0
0.0
0.0
0.0
0.0
0.0
0.0
0.0
0.0
0.0
0.0
0.0
0.0
0.0
0.0
0.0
0.0
0.0
0.0
0.0
0.0
0.0
0.0
0.0
0.0
0.0
0.0
0.0
0.0
0.0
0.0
0.0
0.0
0.0
0.0
0.0
0.0
0.0
0.0
0.0
0.0
0.0
0.0
0.0
0.0
0.0
0.0
0.0
0.0
0.0
0.0
0.0
0.0
0.0
0.0
0.0
0.0
0.0
0.0
0.0
0.0
0.0
0.0
0.0
0.0
0.0
0.0
0.0
0.0
0.0
0.0
0.0
0.0
0.0
0.0
0.0
0.0
0.0
0.0
0.0
0.0
0.0
0.0
0.0
0.0
0.0
0.0
0.0
0.0
0.0
0.0
0.0
0.0
0.0
0.0
0.0
0.0
0.0
0.0
0.0
0.0
0.0
0.0
0.0
0.0
0.0
0.0
0.0
0.0
0.0
0.0
0.0
0.0
0.0
0.0
0.0
0.0
0.0
0.0
0.0
0.0
0.0
0.0
0.0
0.0
0.0
0.0
0.0
0.0
0.0
0.0
0.0
0.0
0.0
0.0
0.0
0.0
0.0
0.0
0.0
0.0
0.0
0.0
0.0
0.0
0.0
0.0
0.0
0.0
0.0
0.0
0.0
0.0
0.0
0.0
0.0
0.0
0.0
0.0
0.0
0.0
0.0
0.0
0.0
0.0
0.0
0.0
0.0
0.0
0.0
0.0
0.0
0.0
0.0
0.0
0.0
0.0
0.0
0.0
0.0
0.0
0.0
0.0
0.0
0.0
0.0
0.0
0.0
0.0
0.0
0.0
0.0
0.0
0.0
0.0
0.0
0.0
0.0
0.0
0.0
0.0
0.0
0.0
0.0
0.0
0.0
0.0
0.0
0.0
0.0
0.0
0.0
0.0
0.0
0.0
0.0
0.0
0.0
0.0
0.0
0.0
0.0
0.0
0.0
0.0
0.0
0.0
0.0
0.0
0.0
0.0
0.0
0.0
0.0
0.0
0.0
0.0
0.0
0.0
0.0
0.0
0.0
0.0
0.0
0.0
0.0
0.0
0.0
0.0
0.0
0.0
0.0
0.0
0.0
0.0
0.0
0.0
0.0
0.0
0.0
0.0
0.0
0.0
0.0
0.0
0.0
0.0
0.0
0.0
0.0
0.0
0.0
0.0
0.0
0.0
0.0
0.0
0.0
0.0
0.0
0.0
0.0
0.0
0.0
0.0
0.0
0.0
0.0
0.0
0.0
0.0
0.0
0.0
0.0
0.0
0.0
0.0
0.0
0.0
0.0
0.0
0.0
0.0
0.0045045045045045045
0.0045045045045045045
0.0045045045045045045
0.0045045045045045045
0.004739336492890996
0.004739336492890996
0.004739336492890996
0.004739336492890996
0.004347826086956522
0.004347826086956522
0.004347826086956522
0.004347826086956522
0.003968253968253968
0.003968253968253968
0.003968253968253968
0.003968253968253968
0.0045662100456621
0.0045662100456621
0.0045662100456621
0.0045662100456621
0.004424778761061947
0.004424778761061947
0.004424778761061947
0.004424778761061947
0.004830917874396135
0.004830917874396135
0.004830917874396135
0.004830917874396135
0.004672897196261682
0.004672897196261682
0.004672897196261682
0.004672897196261682
0.004048582995951417
0.004048582995951417
0.004048582995951417
0.004048582995951417
0.004830917874396135
0.004830917874396135
0.004830917874396135
0.004830917874396135
0.004424778761061947
0.004424778761061947
0.004424778761061947
0.004424778761061947
0.0049261083743842365
0.0049261083743842365
0.0049261083743842365
0.0049261083743842365
0.004166666666666667
0.004166666666666667
0.004166666666666667
0.004166666666666667
0.005263157894736842
0.005263157894736842
0.005263157894736842
0.005263157894736842
0.005714285714285714
0.005714285714285714
0.005714285714285714
0.005714285714285714
0.004424778761061947
0.004424778761061947
0.004424778761061947
0.004424778761061947
0.0043859649122807015
0.0043859649122807015
0.0043859649122807015
0.0043859649122807015
0.0045871559633027525
0.0045871559633027525
0.0045871559633027525
0.0045871559633027525
0.00546448087431694
0.00546448087431694
0.00546448087431694
0.00546448087431694
0.004651162790697674
0.004651162790697674
0.004651162790697674
0.004651162790697674
0.0044444444444444444
0.0044444444444444444
0.0044444444444444444
0.0044444444444444444
0.004878048780487805
0.004878048780487805
0.004878048780487805
0.004878048780487805
0.004672897196261682
0.004672897196261682
0.004672897196261682
0.004672897196261682
0.005
0.005
0.005
0.005
0.004132231404958678
0.004132231404958678
0.004132231404958678
0.004132231404958678
0.005319148936170213
0.005319148936170213
0.005319148936170213
0.005319148936170213
0.004464285714285714
0.004464285714285714
0.004464285714285714
0.004464285714285714
0.004672897196261682
0.004672897196261682
0.004672897196261682
0.004672897196261682
0.004166666666666667
0.004166666666666667
0.004166666666666667
0.004166666666666667
0.005154639175257732
0.005154639175257732
0.005154639175257732
0.005154639175257732
0.0049261083743842365
0.0049261083743842365
0.0049261083743842365
0.0049261083743842365
0.004975124378109453
0.004975124378109453
0.004975124378109453
0.004975124378109453
0.00546448087431694
0.00546448087431694
0.00546448087431694
0.00546448087431694
0.0056179775280898875
0.0056179775280898875
0.0056179775280898875
0.0056179775280898875
0.0049504950495049506
0.0049504950495049506
0.0049504950495049506
0.0049504950495049506
0.005076142131979695
0.005076142131979695
0.005076142131979695
0.005076142131979695
0.004672897196261682
0.004672897196261682
0.004672897196261682
0.004672897196261682
0.00851063829787234
0.00851063829787234
0.00851063829787234
0.00851063829787234
0.008064516129032258
0.008064516129032258
0.008064516129032258
0.008064516129032258
0.010256410256410256
0.010256410256410256
0.010256410256410256
0.010256410256410256
0.009216589861751152
0.009216589861751152
0.009216589861751152
0.009216589861751152
0.00816326530612245
0.00816326530612245
0.00816326530612245
0.00816326530612245
0.010309278350515464
0.010309278350515464
0.010309278350515464
0.010309278350515464
0.010752688172043012
0.010752688172043012
0.010752688172043012
0.010752688172043012
0.013452914798206279
0.013452914798206279
0.013452914798206279
0.013452914798206279
0.017142857142857144
0.017142857142857144
0.017142857142857144
0.017142857142857144
0.016129032258064516
0.016129032258064516
0.016129032258064516
0.016129032258064516
0.0136986301369863
0.0136986301369863
0.0136986301369863
0.0136986301369863
0.013761467889908258
0.013761467889908258
0.013761467889908258
0.013761467889908258
0.015
0.015
0.01990049751243781
0.01990049751243781
0.017467248908296942
0.017467248908296942
0.017467248908296942
0.017467248908296942
0.017777777777777778
0.017777777777777778
0.022123893805309734
0.022123893805309734
0.025252525252525252
0.025252525252525252
0.03015075376884422
0.03015075376884422
0.027149321266968326
0.027149321266968326
0.027149321266968326
0.027149321266968326
0.03208556149732621
0.03208556149732621
0.07653061224489796
0.07653061224489796
0.07425742574257425
0.07425742574257425
0.14220183486238533
0.14220183486238533
0.14691943127962084
0.14691943127962084
0.13043478260869565
0.13043478260869565
0.12
0.12
0.12
0.12
0.1210762331838565
0.1210762331838565
0.11312217194570136
0.11312217194570136
0.11160714285714286
0.11160714285714286
0.11946902654867257
0.11946902654867257
0.11688311688311688
0.11688311688311688
0.11688311688311688
0.11688311688311688
0.12053571428571429
0.12053571428571429
0.15450643776824036
0.15450643776824036
0.1592920353982301
0.1592920353982301
0.14798206278026907
0.14798206278026907
0.15
0.15
0.11374407582938388
0.11374407582938388
0.13186813186813187
0.13186813186813187
0.23671497584541062
0.23671497584541062
0.22580645161290322
0.22580645161290322
0.17647058823529413
0.17647058823529413
0.15450643776824036
0.15450643776824036
0.16877637130801687
0.16877637130801687
0.2185792349726776
0.2185792349726776
0.33796296296296297
0.33796296296296297
0.3173913043478261
0.3173913043478261
0.38188976377952755
0.38188976377952755
0.40756302521008403
0.40756302521008403
0.4555984555984556
0.4555984555984556
0.44866920152091255
0.44866920152091255
0.5134228187919463
0.5134228187919463
0.6219512195121951
0.6219512195121951
0.694078947368421
0.694078947368421
0.705685618729097
0.705685618729097
0.6955017301038062
0.6955017301038062
0.7362637362637363
0.7362637362637363
0.7251908396946565
0.7251908396946565
0.7364341085271318
0.7364341085271318
0.7605633802816901
0.7605633802816901
0.7686832740213523
0.7686832740213523
0.7222222222222222
0.7222222222222222
0.7612612612612613
0.7612612612612613
0.7818930041152263
0.7818930041152263
0.7755102040816326
0.7755102040816326
0.8090277777777778
0.8090277777777778
0.8204225352112676
0.8204225352112676
0.8089887640449438
0.8089887640449438
0.8244274809160306
0.8244274809160306
0.8440677966101695
0.8440677966101695
0.8798586572438163
0.8798586572438163
0.8712121212121212
0.8712121212121212
0.8846153846153846
0.8846153846153846
0.8961937716262975
0.8961937716262975
0.9184397163120568
0.9184397163120568
0.9045643153526971
0.9045643153526971
0.8934426229508197
0.8934426229508197
0.8898305084745762
0.8898305084745762
0.9130434782608695
0.9130434782608695
0.908256880733945
0.908256880733945
0.9611650485436893
0.9611650485436893
0.9672131147540983
0.9672131147540983
0.963265306122449
0.963265306122449
0.9644268774703557
0.9644268774703557
0.9878542510121457
0.9878542510121457
0.9866071428571429
0.9866071428571429
0.9954954954954955
0.9954954954954955
0.9957446808510638
0.9957446808510638
0.9831932773109243
0.9831932773109243
0.984313725490196
0.984313725490196
1.0
1.0
1.0
1.0
1.0
1.0
1.0
1.0
1.0
1.0
1.0
1.0
1.0
1.0
1.0
1.0
1.0
1.0
1.0
1.0
1.0
1.0
1.0
1.0
1.0
1.0
1.0
1.0
1.0
1.0
1.0
1.0
1.0
1.0
1.0
1.0
1.0
1.0
1.0
1.0
1.0
1.0
1.0
1.0
1.0
1.0
1.0
1.0
1.0
1.0
1.0
1.0
1.0
1.0
1.0
1.0
1.0
1.0
1.0
1.0
1.0
1.0
1.0
1.0
1.0
1.0
1.0
1.0
1.0
