1.2736318407960199
3.3366336633663365
1.0440528634361232
5.797356828193832
2.983539094650206
1.0106382978723405
3.0576923076923075
3.212121212121212
3.0044444444444443
2.128712871287129
3.5981308411214954
5.247663551401869
2.6621004566210047
2.117948717948718
4.061904761904762
4.103448275862069
1.8
6.282442748091603
1.0
1.505050505050505
3.921259842519685
3.8333333333333335
2.274774774774775
3.0
5.0327102803738315
1.2333333333333334
2.4768518518518516
3.427350427350427
4.030837004405286
5.1141732283464565
4.4245283018867925
4.265625
2.330275229357798
2.2489082969432315
3.5580357142857144
4.082608695652174
2.179611650485437
2.457547169811321
3.314009661835749
1.9282511210762332
3.391891891891892
3.3291666666666666
3.397905759162304
4.351239669421488
3.4
3.1261682242990654
4.484581497797357
1.407035175879397
3.1615720524017465
3.406113537117904
4.692640692640692
2.701923076923077
3.794392523364486
4.1
2.088757396449704
5.314741035856573
3.3333333333333335
1.4490740740740742
3.6036036036036037
3.027906976744186
2.684647302904564
1.7272727272727273
2.0710659898477157
2.0558375634517767
2.9043062200956937
2.2989130434782608
3.7569060773480665
4.546341463414634
4.752136752136752
2.897560975609756
1.3969849246231156
3.0588235294117645
3.066326530612245
1.9305555555555556
4.009216589861751
2.1052631578947367
1.7393162393162394
2.6131687242798356
1.4273858921161826
7.843621399176954
1.8296703296703296
2.9239766081871346
3.1015228426395938
2.7205882352941178
1.1403508771929824
1.5208333333333333
3.5625
3.140969162995595
4.004464285714286
4.103626943005182
2.0
4.3319148936170215
5.149466192170818
2.3802281368821294
0.5555555555555556
3.17
2.071111111111111
4.1902654867256635
4.188775510204081
2.3471698113207546
6.131004366812227
3.0520833333333335
3.5801526717557253
1.021097046413502
2.059880239520958
3.9020408163265308
4.844
4.89622641509434
0.6779661016949152
2.172566371681416
3.073298429319372
6.204819277108434
1.2318840579710144
1.9758454106280192
2.1155555555555554
5.905982905982906
4.184210526315789
2.155
4.116071428571429
0.8899082568807339
3.5789473684210527
4.031818181818182
5.417322834645669
2.052132701421801
2.6600985221674875
6.2
5.414285714285715
3.566371681415929
5.1469194312796205
1.5368852459016393
1.0236966824644549
2.005128205128205
6.450413223140496
4.7407407407407405
2.960591133004926
1.960698689956332
3.477732793522267
4.683720930232558
1.0213903743315509
5.026923076923077
1.939252336448598
2.0568181818181817
5.3604060913705585
2.8034682080924855
5.073891625615763
4.238095238095238
4.0576923076923075
1.0146341463414634
4.98406374501992
3.5353159851301115
2.225
2.137777777777778
2.0
1.3838862559241707
1.7127659574468086
1.0321100917431192
3.0246913580246915
4.017777777777778
4.2745098039215685
1.6553398058252426
1.233644859813084
3.041095890410959
0.44495412844036697
5.143459915611814
2.539325842696629
2.903669724770642
1.7156398104265402
4.008064516129032
4.234567901234568
5.148760330578512
4.0
2.2705314009661834
2.1293103448275863
2.191666666666667
3.755
3.152263374485597
3.215568862275449
1.1837837837837837
1.9587155963302751
6.479674796747967
4.718181818181818
4.829493087557604
6.270935960591133
7.306976744186047
1.7327935222672064
6.020491803278689
3.0555555555555554
2.0045454545454544
4.4261603375527425
1.1277533039647578
5.21304347826087
1.0179640718562875
3.658291457286432
2.596774193548387
3.607476635514019
3.0528455284552845
4.650375939849624
2.0
5.828947368421052
3.91497975708502
1.9956896551724137
3.6443514644351462
3.1605504587155964
6.021186440677966
1.028301886792453
4.0
6.363247863247863
2.060185185185185
4.793269230769231
4.414634146341464
5.401015228426396
3.909090909090909
4.018656716417911
2.946236559139785
2.0
4.009090909090909
2.167487684729064
2.0481283422459895
4.723004694835681
3.168724279835391
7.033962264150944
1.358695652173913
2.0049019607843137
2.603305785123967
3.341991341991342
1.0301724137931034
1.0
2.647577092511013
6.221674876847291
3.0669856459330145
2.4734513274336285
5.213178294573644
1.1584158415841583
4.863436123348017
2.256544502617801
4.0488888888888885
2.010204081632653
6.348547717842323
4.330275229357798
5.134146341463414
6.096618357487923
2.837696335078534
3.231132075471698
2.4950980392156863
2.718875502008032
3.07103825136612
1.1968503937007875
1.9773755656108598
3.227272727272727
4.032258064516129
3.4558823529411766
2.1743119266055047
2.730964467005076
4.004484304932736
1.0
1.0300429184549356
3.0082644628099175
4.076555023923445
1.5344827586206897
6.453333333333333
2.877952755905512
3.0701754385964914
2.995967741935484
3.893617021276596
3.2598039215686274
1.0833333333333333
3.7301587301587302
7.052380952380952
2.3315508021390374
0.9824561403508771
1.0102564102564102
8.781481481481482
3.3789954337899544
3.063063063063063
4.77511961722488
2.891566265060241
1.2561576354679802
1.0
0.971830985915493
5.024896265560166
1.0265486725663717
1.2367149758454106
4.102564102564102
1.2682926829268293
5.755364806866953
5.00896860986547
1.4339622641509433
2.811659192825112
6.9875
6.390946502057613
2.9364406779661016
4.0
1.0755555555555556
4.055813953488372
3.353488372093023
4.217391304347826
4.010452961672474
3.134259259259259
6.124401913875598
3.625698324022346
2.175925925925926
4.491666666666666
1.018957345971564
4.014150943396227
5.454166666666667
3.038135593220339
3.0552763819095476
5.478468899521531
3.35
2.074418604651163
5.267326732673268
4.349056603773585
3.6614583333333335
3.697674418604651
6.19172932330827
3.18348623853211
7.790076335877862
5.207964601769912
5.755186721991701
6.905982905982906
3.2815533980582523
6.273469387755102
3.090909090909091
2.009049773755656
5.144230769230769
2.45021645021645
6.331578947368421
2.529126213592233
3.3811320754716983
7.047413793103448
5.903225806451613
3.3624454148471616
5.012875536480687
0.8082191780821918
2.603960396039604
4.194756554307116
1.4427083333333333
5.186274509803922
6.5327102803738315
3.014423076923077
3.1350210970464136
2.0113636363636362
3.990950226244344
7.3652173913043475
2.1132075471698113
2.7282608695652173
3.58008658008658
5.370909090909091
3.0
4.310185185185185
3.41991341991342
2.9683257918552037
2.6975609756097563
3.814814814814815
2.324786324786325
4.913043478260869
4.0
4.530232558139535
2.029045643153527
1.204724409448819
2.7
4.662222222222222
4.54356846473029
1.613733905579399
2.523076923076923
7.072340425531915
3.325
3.340782122905028
3.2185792349726774
4.556053811659193
1.7609756097560976
3.127853881278539
1.5758928571428572
3.078838174273859
2.4341463414634146
5.723809523809524
2.348717948717949
2.3444444444444446
4.13135593220339
3.682242990654206
4.755813953488372
2.794979079497908
2.649484536082474
5.733067729083666
3.0476190476190474
2.458128078817734
3.0
6.761702127659574
4.083665338645418
5.0071942446043165
4.019323671497585
4.3798076923076925
5.165
2.9607843137254903
3.1435643564356437
2.577319587628866
5.172566371681416
0.44878048780487806
5.124401913875598
6.7043478260869565
6.021367521367521
2.2169312169312168
1.514792899408284
2.3184357541899443
2.092233009708738
2.231527093596059
3.6580310880829017
3.3256880733944953
4.085470085470085
2.0789473684210527
1.0043103448275863
2.5555555555555554
2.019047619047619
5.1286764705882355
4.015151515151516
2.318840579710145
3.0040983606557377
3.3268292682926828
2.704035874439462
2.1059907834101383
1.0844444444444445
3.196969696969697
2.5125
3.893162393162393
3.088888888888889
3.5598086124401913
2.5251141552511416
3.0616740088105727
4.184549356223176
1.7201834862385321
2.087336244541485
2.1629955947136565
4.01673640167364
2.052863436123348
3.707920792079208
4.674418604651163
3.5598290598290596
4.517094017094017
3.0088495575221237
2.130252100840336
1.5022421524663676
2.220657276995305
4.079847908745247
0.6141304347826086
3.159090909090909
3.9205607476635516
3.6164383561643834
5.0042918454935625
4.510416666666667
3.0384615384615383
4.129310344827586
2.7032967032967035
3.169724770642202
5.594444444444444
2.0
5.0548523206751055
2.4339622641509435
4.168776371308017
3.763265306122449
2.8708133971291865
3.0130434782608697
5.155778894472362
4.03125
3.2343096234309625
6.350553505535055
4.317972350230415
2.5871559633027523
1.3603603603603605
1.054054054054054
2.395121951219512
4.638888888888889
5.0458015267175576
2.665236051502146
2.6885245901639343
1.2126696832579185
2.5642201834862384
3.411483253588517
2.4482758620689653
3.242063492063492
4.315533980582524
1.219626168224299
4.28
4.0
5.235807860262009
4.056224899598393
1.0593607305936072
5.268041237113402
3.995614035087719
0.6490384615384616
4.314432989690721
1.5897435897435896
5.5625
1.4075630252100841
1.0585774058577406
1.9597701149425288
2.139442231075697
5.454081632653061
1.9402985074626866
3.5763358778625953
3.0040650406504064
4.52093023255814
2.052910052910053
4.225409836065574
5.004329004329004
4.048
4.94017094017094
0.028169014084507043
3.2572815533980584
4.929752066115703
3.0441767068273093
5.220338983050848
2.7091836734693877
3.066371681415929
2.9583333333333335
4.341232227488152
3.8405172413793105
2.3287037037037037
1.0050251256281406
3.003921568627451
2.161764705882353
4.298387096774194
1.0093896713615023
1.2112068965517242
5.0054945054945055
4.30801687763713
1.634517766497462
3.97008547008547
6.5
4.940639269406392
6.03056768558952
5.146341463414634
2.028708133971292
3.0995670995670994
2.831223628691983
3.0762711864406778
0.9846153846153847
2.2857142857142856
3.135869565217391
4.024096385542169
3.0176211453744495
2.0693877551020408
2.6194690265486726
2.0634920634920637
2.7956521739130435
2.5687203791469195
4.367088607594937
2.609090909090909
2.0917874396135265
5.840909090909091
2.0476190476190474
4.112676056338028
0.01015228426395939
2.7438423645320196
3.095940959409594
5.554216867469879
5.669724770642202
2.4277777777777776
3.746606334841629
4.101321585903084
4.0625
2.5719424460431655
2.0546448087431695
2.917874396135266
2.4107142857142856
3.5854700854700856
5.145522388059701
3.5714285714285716
5.221698113207547
2.0331491712707184
2.236180904522613
3.860103626943005
3.0772357723577235
2.014925373134328
1.0327868852459017
5.505154639175258
2.5914893617021275
3.663677130044843
4.2100840336134455
3.1414141414141414
4.152838427947598
3.299145299145299
3.5165289256198347
2.281767955801105
2.3620689655172415
4.019762845849803
1.2994011976047903
2.532188841201717
3.4638297872340424
6.483050847457627
4.662835249042145
4.865800865800866
3.0
1.2837837837837838
1.8372093023255813
3.0277777777777777
2.146551724137931
3.0
4.1645021645021645
3.0081632653061225
2.005780346820809
5.003861003861004
4.937984496124031
1.065
2.973584905660377
3.3615023474178405
4.0548523206751055
2.0552763819095476
2.2927927927927927
1.116751269035533
4.185
1.0355555555555556
1.3265306122448979
1.525
3.1553398058252426
4.372093023255814
3.253968253968254
5.353211009174312
2.7886178861788617
2.0296610169491527
3.011627906976744
7.0
4.092165898617512
2.0350877192982457
6.013513513513513
2.004830917874396
3.033195020746888
0.5572139303482587
2.0405405405405403
4.4888059701492535
6.908296943231441
1.3128205128205128
3.9954954954954953
3.2135922330097086
2.5707317073170732
4.537313432835821
3.0046296296296298
3.3556701030927836
1.8695652173913044
2.7860262008733625
3.0
1.0259067357512954
0.909952606635071
4.5059288537549405
4.532
3.4173553719008263
3.9563318777292578
4.211618257261411
3.0285714285714285
2.8954545454545455
3.569377990430622
4.022123893805309
0.34615384615384615
5.744791666666667
5.31651376146789
4.076923076923077
1.6157635467980296
4.923444976076555
3.087557603686636
1.0974358974358975
4.059288537549407
2.128888888888889
5.075187969924812
3.0469483568075115
1.2151898734177216
3.769230769230769
2.072289156626506
0.018957345971563982
3.0380434782608696
2.461139896373057
3.895
3.634920634920635
6.951672862453532
0.8857142857142857
2.3689320388349513
0.672316384180791
2.857142857142857
0.32669322709163345
2.0660377358490565
0.44221105527638194
2.6943231441048034
3.2536585365853656
5.8487084870848705
6.109311740890688
0.8020304568527918
5.628318584070796
3.31390134529148
2.5105263157894737
2.0725388601036268
5.271493212669683
0.011560693641618497
3.454954954954955
2.0
5.094594594594595
2.5643564356435644
5.004444444444444
5.528384279475983
6.585714285714285
3.078048780487805
3.34
2.02212389380531
5.0625
2.0220264317180616
3.5443037974683542
4.906382978723404
4.18
3.183406113537118
4.69377990430622
3.081730769230769
4.37037037037037
1.0047619047619047
6.710659898477157
1.6666666666666667
4.480582524271845
1.0053475935828877
2.048458149779736
2.987755102040816
2.1270718232044197
4.107407407407408
4.969026548672566
2.2
2.9224806201550386
3.043269230769231
4.248803827751196
2.6261682242990654
4.747863247863248
1.0
3.0
2.172248803827751
6.004739336492891
3.9425837320574164
5.524793388429752
2.839662447257384
2.9842105263157896
5.3
4.06145251396648
4.363157894736842
4.248756218905473
6.05531914893617
4.654166666666667
1.0325581395348837
2.150735294117647
5.882978723404255
5.191056910569106
2.007936507936508
4.3538461538461535
1.2159090909090908
3.171673819742489
4.32034632034632
3.768181818181818
2.0157894736842104
8.883018867924529
3.9107981220657275
2.8421052631578947
4.100436681222708
1.757847533632287
3.3185840707964602
2.588785046728972
1.1840490797546013
1.6407766990291262
2.4675925925925926
3.0087336244541483
6.510548523206751
4.920168067226891
1.1725888324873097
3.2336448598130842
3.772532188841202
6.405204460966543
2.524390243902439
3.9907834101382487
3.9948453608247423
0.18592964824120603
1.2180094786729858
0.1527777777777778
5.04147465437788
3.132
3.4210526315789473
4.01593625498008
4.0717948717948715
4.680497925311204
5.259574468085106
3.0755555555555554
3.1881188118811883
2.012
3.004366812227074
1.0935960591133005
5.172661870503597
5.033175355450237
3.0785123966942147
2.0964912280701755
1.788659793814433
2.0486486486486486
4.4728260869565215
2.1203703703703702
5.753968253968254
5.236162361623617
2.0
6.7889908256880735
6.662393162393163
3.46875
4.869565217391305
2.1865671641791047
2.8097560975609754
2.3122171945701355
1.5164835164835164
3.5135135135135136
1.9739583333333333
3.1144278606965172
5.477551020408163
4.004048582995951
1.448780487804878
5.266968325791855
4.01593625498008
3.293859649122807
4.528957528957529
5.348214285714286
1.1140350877192982
3.013452914798206
2.2037037037037037
3.437209302325581
4.2918032786885245
3.6476683937823835
1.30635838150289
5.197916666666667
2.144186046511628
2.8684210526315788
2.9607843137254903
5.042857142857143
2.864321608040201
1.0049261083743843
3.1958333333333333
3.2083333333333335
4.414507772020725
2.658536585365854
1.0
2.638888888888889
3.485576923076923
2.189054726368159
2.082051282051282
4.426395939086294
0.5657894736842105
1.0098522167487685
4.65587044534413
3.3426294820717133
1.7832512315270936
1.2744186046511627
0.4
3.116822429906542
3.888888888888889
2.1392405063291138
2.4017094017094016
2.005291005291005
4.488584474885845
6.05338078291815
5.089686098654709
2.839662447257384
4.031674208144796
2.389908256880734
5.076305220883534
5.019323671497585
0.9770114942528736
0.7796610169491526
2.403755868544601
3.028708133971292
1.3106382978723403
1.8
2.738372093023256
1.3776824034334765
2.3655913978494625
2.066666666666667
4.2407407407407405
6.226495726495727
1.350785340314136
2.8482142857142856
3.9107806691449816
3.609442060085837
6.077519379844961
1.9861751152073732
3.0269058295964126
6.583333333333333
3.1340782122905027
2.336206896551724
3.013392857142857
3.0346534653465347
2.076923076923077
2.0469483568075115
1.1264367816091954
2.1044776119402986
4.142857142857143
3.6633663366336635
3.652582159624413
3.3783783783783785
3.8935185185185186
2.19672131147541
5.876
3.8502024291497974
3.8385416666666665
3.2037037037037037
3.944700460829493
1.8333333333333333
3.0964912280701755
4.0
0.3
1.2696078431372548
4.742222222222222
2.5090909090909093
4.0181818181818185
3.00398406374502
4.007843137254902
2.0452488687782804
2.01025641025641
4.163265306122449
0.013761467889908258
2.1121951219512196
2.022421524663677
0.8544600938967136
1.7911392405063291
1.2
4.26890756302521
6.055555555555555
3.3636363636363638
4.003731343283582
2.8125
2.4266666666666667
5.0701754385964914
3.994871794871795
5.83402489626556
3.21505376344086
3.0
2.992063492063492
3.6887966804979255
2.975806451612903
2.133640552995392
2.0258620689655173
2.0047169811320753
7.509803921568627
4.8930232558139535
3.038095238095238
5.337552742616034
3.103448275862069
5.066666666666666
1.0178571428571428
2.17
5.313131313131313
2.630952380952381
2.0840336134453783
4.101449275362318
1.0213675213675213
6.248062015503876
4.055555555555555
5.819277108433735
5.758454106280193
1.4334975369458127
3.6561085972850678
4.0256410256410255
1.7272727272727273
1.3428571428571427
7.298804780876494
3.090551181102362
4.506912442396313
3.537777777777778
3.6408839779005526
4.137755102040816
4.41991341991342
3.88412017167382
4.273148148148148
4.02092050209205
3.1361702127659576
2.229665071770335
4.036458333333333
2.004524886877828
3.341991341991342
1.7905759162303665
1.0971428571428572
6.241228070175438
4.14
4.268656716417911
2.6530612244897958
3.853448275862069
3.1270718232044197
4.080952380952381
1.903225806451613
7.3153526970954355
2.0806451612903225
4.0
3.110047846889952
4.304123711340206
3.2093023255813953
2.8461538461538463
1.6785714285714286
5.121951219512195
3.640909090909091
1.8508771929824561
3.3805309734513274
3.8602620087336246
4.075396825396825
3.2134831460674156
1.2717948717948717
5.931034482758621
4.728260869565218
2.3446601941747574
