0.03395675333653294
0.03738925171825482
0.03935372542651183
0.03815671329460256
0.03800738862646791
0.03785982237070043
0.03775865188535924
0.03766538835440722
0.035744835418827184
0.0359641151291266
0.03594146110209118
0.03575211388371143
0.035884075682663316
0.036090784830109926
0.037088305177304576
0.03795560931255429
0.038389923614604145
0.038495310915254384
0.03794995232386562
0.038274879413136634
0.03838121244394641
0.03846465948222496
0.03880541336404144
0.03922263559768097
0.040634167610839725
0.040703195958171096
0.040230659305375886
0.04044425803530647
0.04049636677373553
0.04032454930629231
0.04074103913283915
0.04084065204108739
0.03826485668323731
0.03819747936499976
0.03886042881815777
0.03855076820222779
0.038840624189144676
0.03838899105694382
0.038768896057914747
0.03895022189409253
0.03847878436297689
0.0383338791828362
0.03845703969562348
0.038473969362351076
0.03884272350849789
0.037817205953578084
0.03860880427197091
0.03846813896672078
0.03746537987390871
0.03742076684507296
0.0369832475794248
0.037255879300105675
0.037822708309647145
0.03765280909367181
0.038183460055754744
0.03840073719232297
0.038128652357118084
0.037545193579098586
0.03765437648465105
0.03726185776190366
0.03788600669018625
0.03843212039677986
0.038140555490189125
0.03787092987441924
0.037228103785327586
0.037825342621928715
0.03849013166426667
0.03832209618839715
0.03799620750347403
0.03800279542547259
0.03765350683435846
0.03814380504113282
0.03425028320056921
0.03434006562724629
0.03421104163691491
0.03425120510131961
0.034511865367513765
0.03471104851423639
0.03554754848279892
0.03630563922639764
0.03743223751863179
0.0374329496490624
0.037458216437466066
0.03748708563128594
0.037517816687726004
0.037621065055009804
0.03819131289345437
0.03847509305690783
0.03936685895956534
0.03935296073395849
0.03941318016949847
0.03931654706640314
0.03941010480421828
0.03939117478269482
0.03971894538752482
0.040208568198690876
0.0383784644893046
0.03830166343235883
0.03837447344993988
0.038287125556784325
0.03828945265456639
0.038403123738036025
0.03851117344996668
0.038732437344612895
0.03823035196198105
0.03827957026616357
0.038169793084246284
0.03825761020178925
0.0382864902945638
0.03822257923279491
0.03843126769074118
0.03855689312195266
0.03789884753177981
0.03790490041616594
0.03800728090486539
0.03795743244493736
0.0380564386283065
0.03792245437712521
0.038144771854426926
0.03835165586054687
0.0377970726841636
0.037857189661765656
0.037797989455477146
0.03774791124637634
0.03780849601499795
0.03781219382513388
0.03798527989313273
0.037896840151174296
0.03762263505024581
0.03761836724891918
0.037599964880953414
0.03761209924773908
0.037628462384631974
0.03763085907099141
0.03774454441444582
0.03780254449704765
