0.0
0.0
0.0
0.0
0.15453166477057262
0.15453166477057262
0.15453166477057262
0.15453166477057262
0.33186490455212925
0.33186490455212925
0.33186490455212925
0.33186490455212925
0.5059334298118668
0.5059334298118668
0.5059334298118668
0.5059334298118668
0.6730974309258362
0.6730974309258362
0.6730974309258362
0.6730974309258362
0.8576889993309759
0.8576889993309759
0.8576889993309759
0.8576889993309759
1.048854961832061
1.048854961832061
1.048854961832061
1.048854961832061
1.197660156618549
1.197660156618549
1.197660156618549
1.197660156618549
1.3678149796787304
1.3678149796787304
1.3678149796787304
1.3678149796787304
1.5815589531938843
1.5815589531938843
1.5815589531938843
1.5815589531938843
1.7981431852986218
1.7981431852986218
1.7981431852986218
1.7981431852986218
1.9731307328824237
1.9731307328824237
1.9731307328824237
1.9731307328824237
2.1618095238095236
2.1618095238095236
2.1618095238095236
2.1618095238095236
2.4033378352305617
2.4033378352305617
2.4033378352305617
2.4033378352305617
2.6334148772311314
2.6334148772311314
2.6334148772311314
2.6334148772311314
2.8249208418699943
2.8249208418699943
2.8249208418699943
2.8249208418699943
3.065840577029776
3.065840577029776
3.065840577029776
3.065840577029776
3.264995442114859
3.264995442114859
3.264995442114859
3.264995442114859
3.4717822683415256
3.4717822683415256
3.4717822683415256
3.4717822683415256
3.676681367144432
3.676681367144432
3.676681367144432
3.676681367144432
3.9385315371576413
3.9385315371576413
3.9385315371576413
3.9385315371576413
4.181580371639906
4.181580371639906
4.181580371639906
4.181580371639906
4.4099351284102015
4.4099351284102015
4.4099351284102015
4.4099351284102015
4.63067333860065
4.63067333860065
4.63067333860065
4.63067333860065
4.844767238361918
4.844767238361918
4.844767238361918
4.844767238361918
5.095859787176965
5.095859787176965
5.095859787176965
5.095859787176965
5.344830643731158
5.344830643731158
5.344830643731158
5.344830643731158
5.608028749233061
5.608028749233061
5.608028749233061
5.608028749233061
5.8974010531679975
5.8974010531679975
5.8974010531679975
5.8974010531679975
6.164835164835165
6.164835164835165
6.164835164835165
6.164835164835165
6.453700602813128
6.453700602813128
6.453700602813128
6.453700602813128
6.71264561877427
6.71264561877427
6.71264561877427
6.71264561877427
6.95711980979876
6.95711980979876
6.95711980979876
6.95711980979876
7.247582844393025
7.247582844393025
7.247582844393025
7.247582844393025
7.5347106055536965
7.5347106055536965
7.5347106055536965
7.5347106055536965
7.812413793103448
7.812413793103448
7.812413793103448
7.812413793103448
8.107797583847258
8.107797583847258
8.107797583847258
8.107797583847258
8.473147627839769
8.473147627839769
8.473147627839769
8.473147627839769
8.792492687682808
8.792492687682808
8.792492687682808
8.792492687682808
9.041205461743557
9.041205461743557
9.041205461743557
9.041205461743557
9.375454114673827
9.375454114673827
9.375454114673827
9.375454114673827
9.705887045309508
9.705887045309508
9.705887045309508
9.705887045309508
10.007150715071507
10.007150715071507
10.007150715071507
10.007150715071507
10.302468165382802
10.302468165382802
10.302468165382802
10.302468165382802
10.608669108669108
10.608669108669108
10.608669108669108
10.608669108669108
10.946987209123131
10.946987209123131
10.946987209123131
10.946987209123131
11.267187144697946
11.267187144697946
11.267187144697946
11.267187144697946
11.618888804669142
11.618888804669142
11.618888804669142
11.618888804669142
11.963058289174867
11.963058289174867
11.963058289174867
11.963058289174867
12.35114844272653
12.35114844272653
12.35114844272653
12.35114844272653
12.628811379284254
12.628811379284254
12.628811379284254
12.628811379284254
12.941490986862206
12.941490986862206
12.941490986862206
12.941490986862206
13.226701916721744
13.226701916721744
13.226701916721744
13.226701916721744
13.557590499356131
13.557590499356131
13.557590499356131
13.557590499356131
13.82249612517529
13.82249612517529
13.82249612517529
13.82249612517529
14.132624061794068
14.132624061794068
14.132624061794068
14.132624061794068
14.451817913094887
14.451817913094887
14.451817913094887
14.451817913094887
14.772984842045615
14.772984842045615
14.772984842045615
14.772984842045615
15.054193728612333
15.054193728612333
15.054193728612333
15.054193728612333
15.351382964084216
15.351382964084216
15.351382964084216
15.351382964084216
15.757284953768563
15.757284953768563
15.757284953768563
15.757284953768563
16.122586872586872
16.122586872586872
16.122586872586872
16.122586872586872
16.45717206132879
16.45717206132879
16.45717206132879
16.45717206132879
16.775634995296333
16.775634995296333
16.775634995296333
16.775634995296333
17.08839779005525
17.08839779005525
17.08839779005525
17.08839779005525
17.37925204571583
17.37925204571583
17.37925204571583
17.37925204571583
17.720671140939597
17.720671140939597
17.720671140939597
17.720671140939597
17.999732495151473
17.999732495151473
17.999732495151473
17.999732495151473
18.37007097791798
18.37007097791798
18.37007097791798
18.37007097791798
18.685194738199637
18.685194738199637
18.685194738199637
18.685194738199637
18.999097298342896
18.999097298342896
18.999097298342896
18.999097298342896
19.337302349401448
19.337302349401448
19.337302349401448
19.337302349401448
19.721002735891073
19.721002735891073
19.721002735891073
19.721002735891073
20.095308388421795
20.095308388421795
20.095308388421795
20.095308388421795
20.436847402188956
20.436847402188956
20.436847402188956
20.436847402188956
20.812279725468372
20.812279725468372
20.812279725468372
20.812279725468372
21.19887111947319
21.19887111947319
21.19887111947319
21.19887111947319
21.547676233937793
21.547676233937793
21.547676233937793
21.547676233937793
21.908938547486034
21.908938547486034
21.908938547486034
21.908938547486034
22.20287075419167
22.20287075419167
22.20287075419167
22.20287075419167
22.49702472240967
22.49702472240967
22.49702472240967
22.49702472240967
22.83385731559855
22.83385731559855
22.83385731559855
22.83385731559855
23.186979290645084
23.186979290645084
23.186979290645084
23.186979290645084
23.459573442583444
23.459573442583444
23.459573442583444
23.459573442583444
23.85236359360301
23.85236359360301
23.85236359360301
23.85236359360301
24.162920018930432
24.162920018930432
24.162920018930432
24.162920018930432
24.477119279819956
24.477119279819956
24.477119279819956
24.477119279819956
24.763093858632676
24.763093858632676
24.763093858632676
24.763093858632676
25.099057152834362
25.099057152834362
25.099057152834362
25.099057152834362
25.452316702072686
25.452316702072686
25.452316702072686
25.452316702072686
25.735109717868337
25.735109717868337
25.735109717868337
25.735109717868337
26.070754173862984
26.070754173862984
26.070754173862984
26.070754173862984
26.446542982895984
26.446542982895984
26.446542982895984
26.446542982895984
26.72582448295137
26.72582448295137
26.72582448295137
26.72582448295137
27.01919586381387
27.01919586381387
27.01919586381387
27.01919586381387
27.351324226373013
27.351324226373013
27.351324226373013
27.351324226373013
27.65678998670802
27.65678998670802
27.65678998670802
27.65678998670802
27.940132435953103
27.940132435953103
27.940132435953103
27.940132435953103
28.300284681922697
28.300284681922697
28.300284681922697
28.300284681922697
28.605093161069885
28.605093161069885
28.605093161069885
28.605093161069885
28.9728854929428
28.9728854929428
28.9728854929428
28.9728854929428
29.263353358820318
29.263353358820318
29.263353358820318
29.263353358820318
29.550843424461952
29.550843424461952
29.550843424461952
29.550843424461952
29.928545061435425
29.928545061435425
29.928545061435425
29.928545061435425
30.250039722472327
30.250039722472327
30.250039722472327
30.250039722472327
30.570784395973153
30.570784395973153
30.570784395973153
30.570784395973153
30.902878464818762
30.902878464818762
30.902878464818762
30.902878464818762
31.17975893599335
31.17975893599335
31.17975893599335
31.17975893599335
31.429105446238513
31.429105446238513
31.429105446238513
31.429105446238513
31.747792550492235
31.747792550492235
31.747792550492235
31.747792550492235
32.051272820776546
32.051272820776546
32.051272820776546
32.051272820776546
32.384063064872464
32.384063064872464
32.384063064872464
32.384063064872464
32.65333745046575
32.65333745046575
32.65333745046575
32.65333745046575
32.93906009627314
32.93906009627314
32.93906009627314
32.93906009627314
33.23403280024447
33.23403280024447
33.23403280024447
33.23403280024447
33.48162153985781
33.48162153985781
33.48162153985781
33.48162153985781
33.78425921245514
33.78425921245514
33.78425921245514
33.78425921245514
34.14736634444664
34.14736634444664
34.14736634444664
34.14736634444664
34.42505832037325
34.42505832037325
34.42505832037325
34.42505832037325
34.68482264004652
34.68482264004652
34.68482264004652
34.68482264004652
34.97979797979798
34.97979797979798
34.97979797979798
34.97979797979798
35.28110236220473
35.28110236220473
35.28110236220473
35.28110236220473
35.62247400431627
35.62247400431627
35.62247400431627
35.62247400431627
35.907451283787054
35.907451283787054
35.907451283787054
35.907451283787054
36.23740799538173
36.23740799538173
36.23740799538173
36.23740799538173
36.49909316533028
36.49909316533028
36.49909316533028
36.49909316533028
36.79276693455798
36.79276693455798
36.79276693455798
36.79276693455798
37.0415664071715
37.0415664071715
37.0415664071715
37.0415664071715
37.311089211131446
37.311089211131446
37.311089211131446
37.311089211131446
37.58953863413266
37.58953863413266
37.58953863413266
37.58953863413266
37.930730655668555
37.930730655668555
37.930730655668555
37.930730655668555
38.21090959692008
38.21090959692008
38.21090959692008
38.21090959692008
38.47047619047619
38.47047619047619
38.47047619047619
38.47047619047619
38.73661481309496
38.73661481309496
38.73661481309496
38.73661481309496
39.052291154231575
39.052291154231575
39.052291154231575
39.052291154231575
39.30455059355568
39.30455059355568
39.30455059355568
39.30455059355568
39.559627932805775
39.559627932805775
39.559627932805775
39.559627932805775
39.83832796844539
39.83832796844539
39.83832796844539
39.83832796844539
40.1408601670314
40.1408601670314
40.1408601670314
40.1408601670314
40.407151564404714
40.407151564404714
40.407151564404714
40.407151564404714
40.697011596788585
40.697011596788585
40.697011596788585
40.697011596788585
41.00141674414486
41.00141674414486
41.00141674414486
41.00141674414486
41.23152967936661
41.23152967936661
41.23152967936661
41.23152967936661
41.552737573584736
41.552737573584736
41.552737573584736
41.552737573584736
41.82567658242004
41.82567658242004
41.82567658242004
41.82567658242004
42.03122381477398
42.03122381477398
42.03122381477398
42.03122381477398
42.29164635497452
42.29164635497452
42.29164635497452
42.29164635497452
42.56403554626242
42.56403554626242
42.56403554626242
42.56403554626242
42.8308763131728
42.8308763131728
42.8308763131728
42.8308763131728
43.03537921964051
43.03537921964051
43.03537921964051
43.03537921964051
43.33919420392296
43.33919420392296
43.33919420392296
43.33919420392296
43.57278757200209
43.57278757200209
43.57278757200209
43.57278757200209
43.82229565983697
43.82229565983697
43.82229565983697
43.82229565983697
44.10919212729584
44.10919212729584
44.10919212729584
44.10919212729584
44.38893728222997
44.38893728222997
44.38893728222997
44.38893728222997
44.65656174750602
44.65656174750602
44.65656174750602
44.65656174750602
44.921015634984876
44.921015634984876
44.921015634984876
44.921015634984876
45.161416476857625
45.161416476857625
45.161416476857625
45.161416476857625
45.45535105657805
45.45535105657805
45.45535105657805
45.45535105657805
45.71588120822405
45.71588120822405
45.71588120822405
45.71588120822405
45.99441340782123
45.99441340782123
45.99441340782123
45.99441340782123
46.24057681918298
46.24057681918298
46.24057681918298
46.24057681918298
46.5552559528748
46.5552559528748
46.5552559528748
46.5552559528748
46.85620778787626
46.85620778787626
46.85620778787626
46.85620778787626
47.18639089968976
47.18639089968976
47.18639089968976
47.18639089968976
47.49392882651989
47.49392882651989
47.49392882651989
47.49392882651989
47.71015343338643
47.71015343338643
47.71015343338643
47.71015343338643
47.95946001395101
47.95946001395101
47.95946001395101
47.95946001395101
48.20943332772826
48.20943332772826
48.20943332772826
48.20943332772826
48.47115739412078
48.47115739412078
48.47115739412078
48.47115739412078
48.777827795056474
48.777827795056474
48.777827795056474
48.777827795056474
49.032678941592486
49.032678941592486
49.032678941592486
49.032678941592486
49.32823553465549
49.32823553465549
49.32823553465549
49.32823553465549
49.59976535318391
49.59976535318391
49.59976535318391
49.59976535318391
49.83213861467251
49.83213861467251
49.83213861467251
49.83213861467251
50.09542654318469
50.09542654318469
50.09542654318469
50.09542654318469
50.341602427423325
50.341602427423325
50.341602427423325
50.341602427423325
50.614849000080966
50.614849000080966
50.614849000080966
50.614849000080966
50.90059142833995
50.90059142833995
50.90059142833995
50.90059142833995
51.12507535870745
51.12507535870745
51.12507535870745
51.12507535870745
51.33491942900556
51.33491942900556
51.33491942900556
51.33491942900556
51.609638554216865
51.609638554216865
51.609638554216865
51.609638554216865
51.91312502494114
51.91312502494114
51.91312502494114
51.91312502494114
52.21193792280143
52.21193792280143
52.21193792280143
52.21193792280143
52.46932202058292
52.46932202058292
52.46932202058292
52.46932202058292
52.71290096543133
52.71290096543133
52.71290096543133
52.71290096543133
52.96491573476138
52.96491573476138
52.96491573476138
52.96491573476138
53.18574050212799
53.18574050212799
53.18574050212799
53.18574050212799
53.47871722374995
53.47871722374995
53.47871722374995
53.47871722374995
53.79104651614658
53.79104651614658
53.79104651614658
53.79104651614658
54.12742004596627
54.12742004596627
54.12742004596627
54.12742004596627
54.45466311083222
54.45466311083222
54.45466311083222
54.45466311083222
54.78452974602806
54.78452974602806
54.78452974602806
54.78452974602806
55.04670318995998
55.04670318995998
55.04670318995998
55.04670318995998
55.273116798653355
55.273116798653355
55.273116798653355
55.273116798653355
55.483771371232294
55.483771371232294
55.483771371232294
55.483771371232294
55.75991062141234
55.75991062141234
55.75991062141234
55.75991062141234
56.03810765220058
56.03810765220058
56.03810765220058
56.03810765220058
56.32102509667147
56.32102509667147
56.32102509667147
56.32102509667147
56.65841640022569
56.65841640022569
56.65841640022569
56.65841640022569
56.88562614259598
56.88562614259598
56.88562614259598
56.88562614259598
57.09699839608951
57.09699839608951
57.09699839608951
57.09699839608951
57.351323713214406
57.351323713214406
57.351323713214406
57.351323713214406
57.57918450101374
57.57918450101374
57.57918450101374
57.57918450101374
57.92663919070813
57.92663919070813
57.92663919070813
57.92663919070813
58.14807067348997
58.14807067348997
58.14807067348997
58.14807067348997
58.40736012016523
58.40736012016523
58.40736012016523
58.40736012016523
58.65129693585128
58.65129693585128
58.65129693585128
58.65129693585128
58.925714285714285
58.925714285714285
58.925714285714285
58.925714285714285
59.2539258269295
59.2539258269295
59.2539258269295
59.2539258269295
59.47729403382458
59.47729403382458
59.47729403382458
59.47729403382458
59.74807150952363
59.74807150952363
59.74807150952363
59.74807150952363
60.006249768869495
60.006249768869495
60.006249768869495
60.006249768869495
60.274023694602896
60.274023694602896
60.274023694602896
60.274023694602896
60.60563175847304
60.60563175847304
60.60563175847304
60.60563175847304
60.91729241087701
60.91729241087701
60.91729241087701
60.91729241087701
61.235349750827545
61.235349750827545
61.235349750827545
61.235349750827545
61.50611334867664
61.50611334867664
61.50611334867664
61.50611334867664
61.77867644415687
61.77867644415687
61.77867644415687
61.77867644415687
62.07034696975045
62.07034696975045
62.07034696975045
62.07034696975045
62.34723726977248
62.34723726977248
62.34723726977248
62.34723726977248
62.622441000853
62.622441000853
62.622441000853
62.622441000853
62.872987794091635
62.872987794091635
62.872987794091635
62.872987794091635
63.14669332952435
63.14669332952435
63.14669332952435
63.14669332952435
63.46928928646897
63.46928928646897
63.46928928646897
63.46928928646897
63.705934298834336
63.705934298834336
63.705934298834336
63.705934298834336
64.01851264148948
64.01851264148948
64.01851264148948
64.01851264148948
64.31589317757995
64.31589317757995
64.31589317757995
64.31589317757995
64.5457832606615
64.5457832606615
64.5457832606615
64.5457832606615
64.85515695067265
64.85515695067265
64.85515695067265
64.85515695067265
65.13460724862502
65.13460724862502
65.13460724862502
65.13460724862502
65.4134743760912
65.4134743760912
65.4134743760912
65.4134743760912
65.66730822106132
65.66730822106132
65.66730822106132
65.66730822106132
65.93849309829282
65.93849309829282
65.93849309829282
65.93849309829282
66.17357049473611
66.17357049473611
66.17357049473611
66.17357049473611
66.41229856102694
66.41229856102694
66.41229856102694
66.41229856102694
66.66828800438446
66.66828800438446
66.66828800438446
66.66828800438446
66.9518084957241
66.9518084957241
66.9518084957241
66.9518084957241
67.20451681030077
67.20451681030077
67.20451681030077
67.20451681030077
67.51367842977729
67.51367842977729
67.51367842977729
67.51367842977729
67.78923444976077
67.78923444976077
67.78923444976077
67.78923444976077
68.07399656946826
68.07399656946826
68.07399656946826
68.07399656946826
68.3984021396242
68.3984021396242
68.3984021396242
68.3984021396242
68.73155134495009
68.73155134495009
68.73155134495009
68.73155134495009
69.09527311626663
69.09527311626663
69.09527311626663
69.09527311626663
69.33980550078535
69.33980550078535
69.33980550078535
69.33980550078535
69.64039408866995
69.64039408866995
69.64039408866995
69.64039408866995
69.90224548370757
69.90224548370757
69.90224548370757
69.90224548370757
70.14130288331987
70.14130288331987
70.14130288331987
70.14130288331987
70.4224518459069
70.4224518459069
70.4224518459069
70.4224518459069
70.77986599664992
