0.0
0.0
0.0
0.0
0.17767324888226527
0.17767324888226527
0.17767324888226527
0.17767324888226527
0.3427517234682979
0.3427517234682979
0.3427517234682979
0.3427517234682979
0.5119640589901358
0.5119640589901358
0.5119640589901358
0.5119640589901358
0.6807346619773349
0.6807346619773349
0.6807346619773349
0.6807346619773349
0.8614845119812975
0.8614845119812975
0.8614845119812975
0.8614845119812975
1.0430635565209179
1.0430635565209179
1.0430635565209179
1.0430635565209179
1.2341978108667784
1.2341978108667784
1.2341978108667784
1.2341978108667784
1.4235139449713587
1.4235139449713587
1.4235139449713587
1.4235139449713587
1.6360827637861624
1.6360827637861624
1.6360827637861624
1.6360827637861624
1.8461466165413534
1.8461466165413534
1.8461466165413534
1.8461466165413534
2.05837797893959
2.05837797893959
2.05837797893959
2.05837797893959
2.2568490033676163
2.2568490033676163
2.2568490033676163
2.2568490033676163
2.457209302325581
2.457209302325581
2.457209302325581
2.457209302325581
2.663061876998307
2.663061876998307
2.663061876998307
2.663061876998307
2.867552112156429
2.867552112156429
2.867552112156429
2.867552112156429
3.1038572896236105
3.1038572896236105
3.1038572896236105
3.1038572896236105
3.3396756959415126
3.3396756959415126
3.3396756959415126
3.3396756959415126
3.5782181851546015
3.5782181851546015
3.5782181851546015
3.5782181851546015
3.8077099166742974
3.8077099166742974
3.8077099166742974
3.8077099166742974
4.041583800397758
4.042668595190743
4.043034083717566
4.043034083717566
4.296420978029766
4.29955713020372
4.29955713020372
4.29955713020372
4.48285432894619
4.485230934479055
4.485230934479055
4.485230934479055
4.736932158439559
4.7371888099923005
4.7371888099923005
4.7371888099923005
5.000893495353824
4.999285075960679
4.999285075960679
4.999731879524533
5.236256601160073
5.23634317375119
5.23634317375119
5.23634317375119
5.504086475085684
5.506150061500615
5.506150061500615
5.5068529256721135
5.727866036925719
5.731868509140846
5.731868509140846
5.7313304721030045
6.01448395490026
6.019934130698561
6.019934130698561
6.019934130698561
6.303193803846488
6.300391815411406
6.300853361198189
6.300853361198189
6.555963609047659
6.563552960800667
6.563552960800667
6.564647981314648
6.852317554240631
6.859124866595518
6.859124866595518
6.859124866595518
7.164625062075816
7.166404633843608
7.166404633843608
7.166404633843608
7.452227722772277
7.468395061728395
7.468395061728395
7.470205761316873
7.699834437086093
7.710648148148148
7.710648148148148
7.7093013642000825
7.988665803108808
7.985493151795121
7.988736731221133
7.988736731221133
8.313811259619278
8.31819653553505
8.318818292189397
8.318818292189397
8.60617163328448
8.62015440877692
8.61927985044298
8.62221680481066
8.916455093621073
8.913979348689436
8.91229045840947
8.92142233510596
9.210707151418298
9.218949553001277
9.219765306937017
9.219161676646706
9.513694267515923
9.52597247633442
9.526374413238921
9.52982344520439
9.854904739411117
9.869572045543777
9.869483273127061
9.867714061272585
10.189652423469388
10.211304555211067
10.21195738591191
10.217128783665688
10.513371428571428
10.53314121037464
10.536128592008492
10.540927694406548
10.817324781701569
10.837135810081701
10.83881908579357
10.850600369458128
11.153706779405104
11.162873078082605
11.165561416729465
11.178595619778731
11.547679131299228
11.553365421346168
11.554069545280855
11.562714711046645
11.912825193975353
11.936284933171324
11.936892466585663
11.939327207836586
12.26717500186888
12.279026357052192
12.283014639976098
12.291088222122704
12.560913324320264
12.579413309325531
12.589668615984406
12.619090365050868
12.991606714628297
13.006980409817608
13.013132222722497
13.046134290414237
13.38151297144103
13.405481835979987
13.415507246376812
13.438823444388234
13.805162241887906
13.844860499265785
13.860004402377283
13.87373663395342
14.235348970662075
14.269233521792028
14.292738707833047
14.310111237877923
14.596392010881237
14.63209365407952
14.652096406160867
14.697116067623242
15.050980953744808
15.098354818032904
15.130338995096297
15.171837370732398
15.544760288502333
15.587589700295483
15.61452553206434
15.598802395209582
16.024348185956683
16.108020876253264
16.158672596647282
16.196432218969157
16.65981190342504
16.79071706503613
16.87606955561689
16.897912791899152
17.26840887437049
17.370769022474953
17.438451178451178
17.47696239994619
17.935006170300287
18.06785520607375
18.186138746974994
18.222117962466488
18.74304463736414
18.89152405336208
19.0256
19.069860014595633
19.632144048016006
19.821536243282214
19.93814901349948
19.976329064804037
20.62490144546649
20.810781078107812
20.93153314563604
20.97539991077688
21.62567846988886
21.823232641735512
21.99331641809518
22.030385208012326
22.840927973413432
23.056171378752023
23.238893648268267
23.286088280060884
24.13900043244579
24.310619789778904
24.463917525773194
24.52105917895859
25.49828674481515
25.623748296498192
25.711882352941178
25.72511039152193
26.693832989082324
26.7962356792144
26.91493895415803
26.949706525492
28.08499741037003
28.20823134285877
28.32360505423236
28.362906373724417
29.549054704105604
29.67890314020345
29.761891729158684
29.810676428805596
30.890933767643865
31.008177060619275
31.03807615230461
31.059757085020244
32.07002443948571
32.16183651804671
32.223546787635826
32.258190657366306
33.24831623665941
33.33862461490261
33.42818874922728
33.4533395272014
34.50525994816283
34.628031383737515
34.647846744844315
34.67632630354524
35.46252528741304
35.55747898323633
35.61870575331538
35.62903708133971
36.2535170413343
36.361417980065795
36.40614000782167
36.42364604190067
36.925802298412094
36.99043361215268
37.04158817562672
37.07246728065923
37.55884966097732
37.64246336521698
37.73385124442526
37.771596323210936
38.20323141233385
38.27346591714299
38.32606527005843
38.34788403865378
38.82001558703526
38.896004809026174
38.966153989995796
39.00582898509848
39.39056165444359
39.45246746079198
39.54995335820895
39.559417040358746
39.938015771135156
40.0394370122631
40.121023286323386
40.13423258863754
40.46618672665917
40.55468999134436
40.601810782386025
40.62400366468163
40.958042579670206
41.04083007680906
41.07882618510158
41.10228351797423
41.35394030777418
41.4003209700428
41.45409284592958
41.47274524783175
41.756254903670126
41.81162474208701
41.84948471847494
41.869835352593974
42.115623062616244
42.15455234190472
42.21027575675918
42.23617931966659
42.516739953850845
42.58078085973445
42.60172951143497
42.61443398715806
42.85328498293515
42.887212889955435
42.95098462601486
42.96374557082361
43.1541561489748
43.184100604337004
43.22118393990879
43.22381314600206
43.45381949014962
43.47886393659181
43.520811193765496
43.527719920230446
43.74488047296718
43.75632490013316
43.78550200284275
43.796023119392686
44.02486223247469
44.04142973192526
44.07198560287942
44.086805257280304
44.26618768457707
44.27318792685614
44.29336216788772
44.29809855737415
44.53317525328735
44.55573770491803
44.58588531274399
44.59468496243866
44.81762428776478
44.84349947716974
44.869263350945374
44.86500283607487
45.10487568886458
45.1241716962816
45.14409612048907
45.149367944869574
45.40004209640076
45.41676510293621
45.44924341965837
45.45863927677094
45.69667141561974
45.69611139851698
45.71397728744765
45.72307160749762
45.9905886307298
46.00450204064459
46.02472156598043
46.03476093934786
46.24908471690081
46.266086362860555
46.28269609101018
46.291326115794426
46.5526371263544
46.56686955786626
46.580029617093295
46.58130683019666
46.79683774626678
46.798802946593
46.80633670005448
46.81202566145331
47.054230850390375
47.062510552085094
47.0753664821934
47.078146143437074
47.38547227710286
47.39126957400236
47.397262581596124
47.399452746790146
47.70655641370047
47.714183652027735
47.72903008909061
47.72708560867008
47.96372359229021
47.97907544627821
47.99320675105485
47.99253227575732
48.255819795679116
48.26217980914114
48.27560177807599
48.27758201191375
48.49210331496257
48.49707987167887
48.49695698659429
48.50020555829633
48.76586215476487
48.76805042922905
48.77121174421498
48.77373837981408
49.070994996308755
49.07023877902683
49.07278026353598
49.08178606638186
49.345765472312706
49.34962298756878
49.35301312892441
49.35743119266055
49.687433089022484
49.68539695598519
49.69882343261478
49.71228705456341
49.98002030456853
49.99320944984345
49.994834458635
50.002156575520836
50.24450516333829
50.24359438477937
50.25254639880833
50.25534570933838
50.54655220827149
50.55353705486044
50.55880582641146
50.56491890155773
50.88307183479208
50.887520691186566
50.890912762520195
50.89427117000646
51.129945359681194
51.138624034193654
51.143891402714935
51.14967328319566
51.32644512705948
51.3348905925571
51.34123563218391
51.34297916500359
51.61812967978334
51.61826585910105
51.62097673677501
51.62539834289356
51.88673485569299
51.88542203544384
51.88806058923827
51.89430926527701
52.164995004995006
52.165482274033856
52.16807058165995
52.1687694641859
52.46812764622864
52.476619409414894
52.48144668858619
52.48361073037008
52.72130104576723
52.720119284294235
52.7230763119215
52.72466128968175
52.9936540269508
53.01390793339863
53.016905275544225
53.02306967984934
53.26551833624385
53.26932994803031
53.274526917126195
53.28553319600697
53.567520328292424
53.56650564832072
53.571526456033496
53.57553956834533
53.81035290443473
53.81856507143415
53.82146901479948
53.82281051110851
54.05234544889717
54.05030908596089
54.05479824459202
54.0537011851564
54.2975917208108
54.31822598826136
54.322268433941
54.32021772939347
54.607791109060145
54.61186108226607
54.61959488027059
54.61893595756131
54.9018977771057
54.92861998640381
54.932852176541715
54.93483349694178
55.22000154332896
55.24359320205018
55.2527036908748
55.25626923076923
55.53748619731181
55.56463205932687
55.57504177426705
55.580097916429466
55.85935184833403
55.87885119477263
55.88391704018841
55.88930659983291
56.127640106748
56.17675480311965
56.18799163974919
56.19032245812602
56.4213346322455
56.45294381686242
56.461158878504676
56.465730400029884
56.709991754741026
56.77596383741781
56.781796442983115
56.78464125560538
57.07757410008131
57.16125349830608
57.17116586980507
57.17646626218055
57.40663208595776
57.459079992610384
57.46029808794704
57.46096323992152
57.71319240628599
57.735225375626044
57.749296400533254
57.75372885747067
57.98421168850287
58.088734200403
58.09405813569884
58.09636610318653
58.36161179800387
58.429674163141094
58.43347432472544
58.4440290219886
58.653153828845724
58.80445784029173
58.81962342630074
58.82148024485253
59.056793620034284
59.24723955832933
59.261472628006494
59.26862810161118
59.5333973695877
59.79906610243689
59.80591194051611
59.81684555211934
60.1174796455076
60.29659776516369
60.30606493043168
60.302589228238325
60.59751548295969
60.87106109324759
60.88346052350046
60.88698666857286
61.14341362304339
61.589224649312584
61.591178935605534
61.594101221640486
61.88050472732502
62.423074239464135
62.42868603718302
62.4320910106086
62.74434973296078
63.322694428273
63.32447700893621
63.3320775395575
63.68689252007325
64.21452979770366
64.22922215393021
64.23116040955631
64.53613284707716
65.29768668831169
65.30448306173507
65.30559686359335
65.70166678388073
66.53924960085152
66.55692995032175
66.55832332933173
66.96967594198875
67.84759018476879
67.85424137706201
67.8563698004955
68.35056564964005
69.13328593128858
69.13966824337459
69.14807368011415
69.70518050173364
70.53927133208612
70.54560462236897
70.55150166852057
71.1224822718647
71.96087197829304
71.97717374517374
71.97955717506099
72.71774670080757
73.40503656558857
73.40918688986137
73.42927636619977
73.98225210298241
74.56520702298268
74.57907455473016
74.59209268991877
75.33182389937107
75.79741839762612
75.81399774038175
75.82069273078638
76.42750271612603
76.8272759559607
76.84487099736367
76.85938843906635
77.3807889171545
77.75505101892497
77.76154047529015
77.7595684039088
78.33612710663571
78.58950063266927
78.60860468542802
78.62639048714998
79.09128404197246
79.38397222624042
79.39386655855438
79.39919448307835
79.80387854347053
80.07663899227026
80.092011350933
80.08777258790154
80.41525374181478
80.63624161073825
80.63989829733745
80.64560832047546
80.88561836126306
81.10195920481027
81.10130004601933
81.10873255646669
81.33800641212474
81.55078024337867
81.55145164061157
81.55722347953133
81.78414864276382
81.98810748999428
81.99485361390668
82.00755343194758
82.18756138425097
82.42031473533619
82.42512519673772
82.4308286818377
82.58756246208948
82.79515141107105
82.8029843051896
82.80512115483761
82.91014083695747
83.12485220426778
83.12711864406779
83.13020217379062
83.26714155976842
83.45458165064558
83.4538142337426
83.45702103467879
83.57467383840695
83.77118835345898
83.77845562898943
83.77836463776303
83.88351223945021
84.12485260261666
84.12895978431813
84.13044210999382
84.18720419202164
84.39450499802338
84.39378194448366
84.39261309086802
84.4349905209247
84.65123114463177
84.65222696766321
84.6574741982022
84.69935185957885
84.89445895310548
84.89745700175966
84.89761343965493
84.96248825087585
85.1733371153028
85.17136456442832
85.16845746038047
85.19234044969339
85.38521968464171
85.39108341053932
85.39598955261606
85.4208676582225
85.63028364849833
85.63438856125515
85.6385743301522
85.6570489611764
85.84127118166977
85.84073959418006
85.84550213915784
85.86691265526856
86.07425179596704
86.07991456547668
86.08322698773789
86.12189566087005
86.33904340024672
86.33945545803775
86.3374179799226
86.35608441850023
86.5934703209078
86.60083682008369
86.60227082519667
86.60143411177144
86.79073363337659
86.79463743303695
86.7967032967033
86.81547306448492
87.01766608609107
87.018995741857
87.02103953552668
87.04322678843226
87.28343263819927
87.28980267696979
87.29406732891832
87.30391480674263
87.49961022328637
87.50292430234501
87.50460964264825
87.53612071850942
87.75955501707236
87.76347964972187
87.76462487606037
87.77536571255406
87.98627734788175
87.9863593341128
87.99518508210409
88.00520181368049
88.2038004101162
88.20359739762725
88.20708230790265
88.20997619503653
88.45437315346452
88.45263773931946
88.4514762050796
88.46522587841606
88.72055899098314
88.7237114525444
88.72318923483425
88.73639756968095
88.91975579039588
88.91941401971522
88.92141663699361
88.91595211352491
89.18298428606444
89.18684489940377
89.18714946909883
89.19835476138593
89.42264748437115
89.42855972919851
89.42730399650578
89.43604302014522
89.64271834031256
89.64257753688648
89.64538288904701
89.65948948045197
89.86225208626855
89.86214560633165
89.86596569198667
89.86830684099169
90.10705576546881
90.10697437546906
90.11078959354822
90.11731783734568
90.32168890111402
90.32254869593925
90.3239467605324
90.32641333040036
90.52718701742027
90.52788315629742
90.52553439354122
90.52754070822834
90.73976332317977
90.74059998382793
90.74292027052515
90.74532118008737
90.93889668573897
90.9418877702502
90.9455673998111
90.9552420007554
91.20998559508602
91.2093130725528
91.21241128001523
91.21992389236206
91.4149652446504
91.41544919319668
91.41955354465917
91.41790963379053
91.6812576561862
91.68093332244275
91.68170180312687
91.68216990899678
91.91276578543132
91.91326956756029
91.91794927086984
91.9214761301453
92.13553924214617
92.13553192637772
92.13570213570213
92.14034661483642
92.43803005904455
92.44113463757614
92.4441224610266
92.44051869949257
92.6575968539087
92.65821775864818
92.66213989582226
92.66582540778917
92.85751522727877
92.857838312362
92.85767879948915
92.87040531561462
93.07677253854494
93.07761059840813
93.08042817497027
93.09089228656686
93.28949686373949
93.29227936270716
93.2951689919172
93.30096569385904
93.54353320785157
93.54383370085516
93.5448236907932
93.5566935483871
93.82800799467022
93.83026410468246
93.82866209765594
93.83244482354196
94.055822778045
94.05740552675184
94.05679751845118
94.06307462048322
94.28429496421737
94.28201027684564
94.28496947784852
94.29124967251768
94.51697708485926
94.51718545644782
94.51374561449443
94.51097433211105
94.77519995762488
94.77503109864224
94.77930633085532
94.78182443333598
94.99658335304476
94.99718687559154
94.99794807039697
94.99876361340559
95.22054054054054
95.22125504470998
95.22387232920074
95.22442357410436
95.43851196587947
95.43918367346939
95.43967242468928
95.44639519886289
95.73230076780514
95.73396341301988
95.73424258474576
95.73835115958912
95.96474561959046
95.96701063577103
95.96562285472884
95.97214889123548
96.22434832277494
96.22685389467127
96.22784382950003
96.23488034054924
96.51766440267467
96.51808149182185
96.5186521945308
96.52701848633275
96.77315312951056
96.77850111563197
96.7794229608044
96.78355466904624
96.95601389035042
96.95711654827677
96.95963901386587
96.97481267253845
97.19576691788556
97.19528911296676
97.1955734089477
97.200225798829
97.4340480831709
97.43414279028651
97.4372692767639
97.44052324976595
97.65504896283036
97.65925964930757
97.65909509646514
97.67674113009198
97.90896844723072
97.91138978132449
97.91426721905748
97.91146750958649
98.17210050877375
98.17118894918599
98.17542903133682
98.17671350284394
98.42968201554822
98.43119456942964
98.43670392513647
98.44596667273247
98.69772879091516
98.69724205228289
98.70197638603696
98.70254106776181
98.92407393205
98.92850021728572
98.93312370580566
98.93590005620561
99.11735051841073
99.12129785853342
99.1269202823334
99.14911144500284
99.3818579516212
99.388604369869
99.38760588038413
99.40780844114092
99.65106110969062
99.65775551409513
99.66064723761845
99.67925105861946
99.86357763076288
99.86718306222566
99.86744126000517
99.89698343594631
100.15707141941274
100.15840796530576
100.15880147889494
100.16686335881779
100.46581076597157
100.46927887683472
100.4710699525486
100.48415470514749
100.74073022102871
100.74495327585316
100.74681092805866
100.76734714919064
101.03861561866125
101.04206389452332
101.04278440610989
101.0493098645055
101.30344792384453
101.30245558505207
101.30820817502614
101.32946712450719
101.53384658241953
101.53407824059998
101.53158588521597
101.55564550813368
101.81059639814295
101.81074527820317
101.81311274509804
101.83330785302961
